[
	(34,18,16,4,27,25,9,35,1,17,41,3,26,10,8)(200,223,185,209,225,191,217,201,199,222,210,208,192,218,216)(69,67,52,78,76,59,85,47,68,89,51,77,60,58,84)(2,23,44,6,32,15,13,39,24,22,7,33,31,14,40)(198,196,184,207,205,189,215,181,197,221,183,206,190,188,214)(75,73,57,83,81,65,88,50,74,90,56,82,66,64,87)(5,29,45,11,37,21,19,42,30,28,12,38,36,20,43)(204,202,187,213,211,194,220,182,203,224,186,212,195,193,219)(48,71,55,53,79,63,61,49,72,70,54,80,46,62,86)(252,250,234,260,226,242,266,228,251,235,233,259,243,241,229)(115,99,125,91,107,131,93,116,100,98,124,108,106,94,117)(258,256,239,265,227,248,269,231,257,240,238,264,249,247,232)(121,104,130,92,113,134,96,122,105,103,129,114,112,97,123)(136,152,176,138,161,145,143,169,153,151,139,162,160,144,170)(263,261,245,268,230,254,270,236,262,246,244,267,255,253,237)(126,110,133,95,119,135,101,127,111,109,132,120,118,102,128)(137,158,179,141,167,150,148,174,159,157,142,168,166,149,175)(140,164,180,146,172,156,154,177,165,163,147,173,171,155,178),
	(34,8,10,26,3,41,17,1,35,9,25,27,4,16,18)(200,216,218,192,208,210,222,199,201,217,191,225,209,185,223)(69,84,58,60,77,51,89,68,47,85,59,76,78,52,67)(2,40,14,31,33,7,22,24,39,13,15,32,6,44,23)(198,214,188,190,206,183,221,197,181,215,189,205,207,184,196)(75,87,64,66,82,56,90,74,50,88,65,81,83,57,73)(5,43,20,36,38,12,28,30,42,19,21,37,11,45,29)(204,219,193,195,212,186,224,203,182,220,194,211,213,187,202)(48,86,62,46,80,54,70,72,49,61,63,79,53,55,71)(252,229,241,243,259,233,235,251,228,266,242,226,260,234,250)(115,117,94,106,108,124,98,100,116,93,131,107,91,125,99)(258,232,247,249,264,238,240,257,231,269,248,227,265,239,256)(121,123,97,112,114,129,103,105,122,96,134,113,92,130,104)(136,170,144,160,162,139,151,153,169,143,145,161,138,176,152)(263,237,253,255,267,244,246,262,236,270,254,230,268,245,261)(126,128,102,118,120,132,109,111,127,101,135,119,95,133,110)(137,175,149,166,168,142,157,159,174,148,150,167,141,179,158)(140,178,155,171,173,147,163,165,177,154,156,172,146,180,164),
	(34,2,30,27,32,36,1,24,29,26,31,21,18,23,28,25,15,20,17,22,45,10,14,19,16,44,12,9,13,43,41,7,11,8,40,42,4,6,38,35,39,5,3,33,37)(200,197,202,225,190,194,199,196,224,192,189,193,223,221,187,191,188,220,222,184,186,218,215,219,185,183,213,217,214,182,210,207,212,216,181,204,209,206,211,201,198,203,208,205,195)(69,74,71,76,66,63,68,73,70,60,65,62,67,90,55,59,64,61,89,57,54,58,88,86,52,56,53,85,87,49,51,83,80,84,50,48,78,82,79,47,75,72,77,81,46)(252,257,261,226,249,254,251,256,246,243,248,253,250,240,245,242,247,270,235,239,244,241,269,237,234,238,268,266,232,236,233,265,267,229,231,263,260,264,230,228,258,262,259,227,255)(115,105,110,107,112,135,100,104,109,106,134,102,99,103,133,131,97,101,98,130,132,94,96,128,125,129,95,93,123,127,124,92,120,117,122,126,91,114,119,116,121,111,108,113,118)(136,159,164,161,166,156,153,158,163,160,150,155,152,157,180,145,149,154,151,179,147,144,148,178,176,142,146,143,175,177,139,141,173,170,174,140,138,168,172,169,137,165,162,167,171),
	(34,37,33,3,5,39,35,38,6,4,42,40,8,11,7,41,43,13,9,12,44,16,19,14,10,45,22,17,20,15,25,28,23,18,21,31,26,29,24,1,36,32,27,30,2)(200,195,205,208,203,198,201,211,206,209,204,181,216,212,207,210,182,214,217,213,183,185,219,215,218,186,184,222,220,188,191,187,221,223,193,189,192,224,196,199,194,190,225,202,197)(69,46,81,77,72,75,47,79,82,78,48,50,84,80,83,51,49,87,85,53,56,52,86,88,58,54,57,89,61,64,59,55,90,67,62,65,60,70,73,68,63,66,76,71,74)(252,255,227,259,262,258,228,230,264,260,263,231,229,267,265,233,236,232,266,268,238,234,237,269,241,244,239,235,270,247,242,245,240,250,253,248,243,246,256,251,254,249,226,261,257)(115,118,113,108,111,121,116,119,114,91,126,122,117,120,92,124,127,123,93,95,129,125,128,96,94,132,130,98,101,97,131,133,103,99,102,134,106,109,104,100,135,112,107,110,105)(136,171,167,162,165,137,169,172,168,138,140,174,170,173,141,139,177,175,143,146,142,176,178,148,144,147,179,151,154,149,145,180,157,152,155,150,160,163,158,153,156,166,161,164,159),
	(34,38,7,16,20,31,27,5,40,9,45,23,1,37,6,41,19,15,26,30,39,8,12,22,18,36,33,4,43,14,25,29,2,35,11,44,17,21,32,3,42,13,10,28,24)(200,211,207,185,220,189,225,203,181,217,186,221,199,195,206,210,219,188,192,202,198,216,213,184,223,194,205,209,182,215,191,224,197,201,212,183,222,193,190,208,204,214,218,187,196)(69,79,83,52,61,65,76,72,50,85,54,90,68,46,82,51,86,64,60,71,75,84,53,57,67,63,81,78,49,88,59,70,74,47,80,56,89,62,66,77,48,87,58,55,73)(252,230,265,234,270,248,226,262,231,266,244,240,251,255,264,233,237,247,243,261,258,229,268,239,250,254,227,260,236,269,242,246,257,228,267,238,235,253,249,259,263,232,241,245,256)(115,119,92,125,101,134,107,111,122,93,132,103,100,118,114,124,128,97,106,110,121,117,95,130,99,135,113,91,127,96,131,109,105,116,120,129,98,102,112,108,126,123,94,133,104)(136,172,141,176,154,150,161,165,174,143,147,157,153,171,168,139,178,149,160,164,137,170,146,179,152,156,167,138,177,148,145,163,159,169,173,142,151,155,166,162,140,175,144,180,158),
	(34,24,28,10,13,42,3,32,21,17,44,11,35,2,29,25,14,43,4,33,36,18,22,12,8,39,30,26,15,19,41,6,37,1,23,45,9,40,5,27,31,20,16,7,38)(200,196,187,218,214,204,208,190,193,222,183,212,201,197,224,191,215,182,209,205,194,223,184,213,216,198,202,192,188,219,210,206,195,199,221,186,217,181,203,225,189,220,185,207,211)(69,73,55,58,87,48,77,66,62,89,56,80,47,74,70,59,88,49,78,81,63,67,57,53,84,75,71,60,64,86,51,82,46,68,90,54,85,50,72,76,65,61,52,83,79)(252,256,245,241,232,263,259,249,253,235,238,267,228,257,246,242,269,236,260,227,254,250,239,268,229,258,261,243,247,237,233,264,255,251,240,244,266,231,262,226,248,270,234,265,230)(115,104,133,94,123,126,108,112,102,98,129,120,116,105,109,131,96,127,91,113,135,99,130,95,117,121,110,106,97,128,124,114,118,100,103,132,93,122,111,107,134,101,125,92,119)(136,158,180,144,175,140,162,166,155,151,142,173,169,159,163,145,148,177,138,167,156,152,179,146,170,137,164,160,149,178,139,168,171,153,157,147,143,174,165,161,150,154,176,141,172),
	(34,16,27,9,1,41,26,8,18,4,25,35,17,3,10)(200,185,225,217,199,210,192,216,223,209,191,201,222,208,218)(69,52,76,85,68,51,60,84,67,78,59,47,89,77,58)(2,44,32,13,24,7,31,40,23,6,15,39,22,33,14)(198,184,205,215,197,183,190,214,196,207,189,181,221,206,188)(75,57,81,88,74,56,66,87,73,83,65,50,90,82,64)(5,45,37,19,30,12,36,43,29,11,21,42,28,38,20)(204,187,211,220,203,186,195,219,202,213,194,182,224,212,193)(48,55,79,61,72,54,46,86,71,53,63,49,70,80,62)(252,234,226,266,251,233,243,229,250,260,242,228,235,259,241)(115,125,107,93,100,124,106,117,99,91,131,116,98,108,94)(258,239,227,269,257,238,249,232,256,265,248,231,240,264,247)(121,130,113,96,105,129,112,123,104,92,134,122,103,114,97)(136,176,161,143,153,139,160,170,152,138,145,169,151,162,144)(263,245,230,270,262,244,255,237,261,268,254,236,246,267,253)(126,133,119,101,111,132,118,128,110,95,135,127,109,120,102)(137,179,167,148,159,142,166,175,158,141,150,174,157,168,149)(140,180,172,154,165,147,171,178,164,146,156,177,163,173,155),
	(34,23,12,35,24,45,8,2,28,9,39,29,10,40,30,25,13,5,26,14,42,27,15,43,3,31,19,4,32,20,41,33,21,16,6,36,17,7,37,18,44,38,1,22,11)(200,221,213,201,196,186,216,197,187,217,198,224,218,181,202,191,214,203,192,215,204,225,188,182,208,189,219,209,190,220,210,205,193,185,206,194,222,207,195,223,183,211,199,184,212)(69,90,53,47,73,54,84,74,55,85,75,70,58,50,71,59,87,72,60,88,48,76,64,49,77,65,86,78,66,61,51,81,62,52,82,63,89,83,46,67,56,79,68,57,80)(252,240,268,228,256,244,229,257,245,266,258,246,241,231,261,242,232,262,243,269,263,226,247,236,259,248,237,260,249,270,233,227,253,234,264,254,235,265,255,250,238,230,251,239,267)(115,103,95,116,104,132,117,105,133,93,121,109,94,122,110,131,123,111,106,96,126,107,97,127,108,134,128,91,112,101,124,113,102,125,114,135,98,92,118,99,129,119,100,130,120)(136,157,146,169,158,147,170,159,180,143,137,163,144,174,164,145,175,165,160,148,140,161,149,177,162,150,178,138,166,154,139,167,155,176,168,156,151,141,171,152,142,172,153,179,173),
	(34,21,14,8,37,31,10,11,33,26,45,7,3,29,22,41,5,24,17,43,39,1,20,13,35,36,15,9,38,32,25,12,6,27,28,44,4,30,23,16,42,2,18,19,40)(200,193,215,216,195,189,218,212,205,192,186,207,208,224,184,210,203,196,222,182,198,199,220,214,201,194,188,217,211,190,191,213,206,225,187,183,209,202,221,185,204,197,223,219,181)(69,62,88,84,46,65,58,80,81,60,54,83,77,70,57,51,72,73,89,49,75,68,61,87,47,63,64,85,79,66,59,53,82,76,55,56,78,71,90,52,48,74,67,86,50)(252,253,269,229,255,248,241,267,227,243,244,265,259,246,239,233,262,256,235,236,258,251,270,232,228,254,247,266,230,249,242,268,264,226,245,238,260,261,240,234,263,257,250,237,231)(115,102,96,117,118,134,94,120,113,106,132,92,108,109,130,124,111,104,98,127,121,100,101,123,116,135,97,93,119,112,131,95,114,107,133,129,91,110,103,125,126,105,99,128,122)(136,155,148,170,171,150,144,173,167,160,147,141,162,163,179,139,165,158,151,177,137,153,154,175,169,156,149,143,172,166,145,146,168,161,180,142,138,164,157,176,140,159,152,178,174),
	(34,36,31,25,45,44,41,42,39)(18,20,14,9,11,6,3,30,24)(200,194,189,191,186,183,210,204,198)(69,63,65,59,54,56,51,48,75)(2,1,21,15,10,12,7,4,5)(27,29,23,17,19,13,8,38,33)(209,203,197,199,193,188,218,213,207)(78,72,74,68,62,64,58,53,83)(217,212,206,208,202,196,223,220,215)(85,80,82,77,71,73,67,61,88)(40,35,37,32,26,28,22,16,43)(222,219,214,216,211,205,225,224,221)(89,86,87,84,79,81,76,70,90)(192,187,184,185,182,181,201,195,190)(60,55,57,52,49,50,47,46,66)(252,254,248,242,244,238,233,263,258)(115,135,134,131,132,129,124,126,121)(260,262,257,251,253,247,241,268,265)(91,111,105,100,102,97,94,95,92)(136,156,150,145,147,142,139,140,137)(266,267,264,259,261,256,250,270,269)(162,164,158,152,154,148,143,173,168)(93,120,114,108,110,104,99,101,96)(138,165,159,153,155,149,144,146,141)(170,172,167,161,163,157,151,178,175)(98,128,123,117,119,113,107,109,103)(176,177,174,169,171,166,160,180,179)(106,133,130,125,127,122,116,118,112)(237,232,229,230,227,226,246,240,235)(239,234,236,231,228,255,249,243,245),
	(34,22,38,18,7,36,16,33,20,4,31,43,27,14,5,25,40,29,9,2,45,35,23,11,1,44,37,17,6,21,41,32,19,3,15,42,26,13,30,10,39,28,8,24,12)(200,184,211,223,207,194,185,205,220,209,189,182,225,215,203,191,181,224,217,197,186,201,221,212,199,183,195,222,206,193,210,190,219,208,188,204,192,214,202,218,198,187,216,196,213)(69,57,79,67,83,63,52,81,61,78,65,49,76,88,72,59,50,70,85,74,54,47,90,80,68,56,46,89,82,62,51,66,86,77,64,48,60,87,71,58,75,55,84,73,53)(252,239,230,250,265,254,234,227,270,260,248,236,226,269,262,242,231,246,266,257,244,228,240,267,251,238,255,235,264,253,233,249,237,259,247,263,243,232,261,241,258,245,229,256,268)(115,130,119,99,92,135,125,113,101,91,134,127,107,96,111,131,122,109,93,105,132,116,103,120,100,129,118,98,114,102,124,112,128,108,97,126,106,123,110,94,121,133,117,104,95)(136,179,172,152,141,156,176,167,154,138,150,177,161,148,165,145,174,163,143,159,147,169,157,173,153,142,171,151,168,155,139,166,178,162,149,140,160,175,164,144,137,180,170,158,146),
	(34,10,3,17,35,25,4,18,8,26,41,1,9,27,16)(200,218,208,222,201,191,209,223,216,192,210,199,217,225,185)(69,58,77,89,47,59,78,67,84,60,51,68,85,76,52)(2,14,33,22,39,15,6,23,40,31,7,24,13,32,44)(198,188,206,221,181,189,207,196,214,190,183,197,215,205,184)(75,64,82,90,50,65,83,73,87,66,56,74,88,81,57)(5,20,38,28,42,21,11,29,43,36,12,30,19,37,45)(204,193,212,224,182,194,213,202,219,195,186,203,220,211,187)(48,62,80,70,49,63,53,71,86,46,54,72,61,79,55)(252,241,259,235,228,242,260,250,229,243,233,251,266,226,234)(115,94,108,98,116,131,91,99,117,106,124,100,93,107,125)(258,247,264,240,231,248,265,256,232,249,238,257,269,227,239)(121,97,114,103,122,134,92,104,123,112,129,105,96,113,130)(136,144,162,151,169,145,138,152,170,160,139,153,143,161,176)(263,253,267,246,236,254,268,261,237,255,244,262,270,230,245)(126,102,120,109,127,135,95,110,128,118,132,111,101,119,133)(137,149,168,157,174,150,141,158,175,166,142,159,148,167,179)(140,155,173,163,177,156,146,164,178,171,147,165,154,172,180),
	(34,40,19,18,2,42,16,23,30,4,44,28,27,6,12,25,32,38,9,15,36,35,13,20,1,39,43,17,24,5,41,22,29,3,7,45,26,33,11,10,31,37,8,14,21)(200,181,219,223,197,204,185,221,202,209,183,187,225,206,213,191,190,211,217,188,194,201,214,220,199,198,182,222,196,203,210,184,224,208,207,186,192,205,212,218,189,195,216,215,193)(69,50,86,67,74,48,52,90,71,78,56,55,76,82,53,59,66,79,85,64,63,47,87,61,68,75,49,89,73,72,51,57,70,77,83,54,60,81,80,58,65,46,84,88,62)(252,231,237,250,257,263,234,240,261,260,238,245,226,264,268,242,249,230,266,247,254,228,232,270,251,258,236,235,256,262,233,239,246,259,265,244,243,227,267,241,248,255,229,269,253)(115,122,128,99,105,126,125,103,110,91,129,133,107,114,95,131,112,119,93,97,135,116,123,101,100,121,127,98,104,111,124,130,109,108,92,132,106,113,120,94,134,118,117,96,102)(136,174,178,152,159,140,176,157,164,138,142,180,161,168,146,145,166,172,143,149,156,169,175,154,153,137,177,151,158,165,139,179,163,162,141,147,160,167,173,144,150,171,170,148,155),
	(34,11,22,1,38,44,18,37,7,17,36,6,16,21,33,41,20,32,4,19,31,3,43,15,27,42,14,26,5,13,25,30,40,10,29,39,9,28,2,8,45,24,35,12,23)(200,212,184,199,211,183,223,195,207,222,194,206,185,193,205,210,220,190,209,219,189,208,182,188,225,204,215,192,203,214,191,202,181,218,224,198,217,187,197,216,186,196,201,213,221)(69,80,57,68,79,56,67,46,83,89,63,82,52,62,81,51,61,66,78,86,65,77,49,64,76,48,88,60,72,87,59,71,50,58,70,75,85,55,74,84,54,73,47,53,90)(252,267,239,251,230,238,250,255,265,235,254,264,234,253,227,233,270,249,260,237,248,259,236,247,226,263,269,243,262,232,242,261,231,241,246,258,266,245,257,229,244,256,228,268,240)(115,120,130,100,119,129,99,118,92,98,135,114,125,102,113,124,101,112,91,128,134,108,127,97,107,126,96,106,111,123,131,110,122,94,109,121,93,133,105,117,132,104,116,95,103)(136,173,179,153,172,142,152,171,141,151,156,168,176,155,167,139,154,166,138,178,150,162,177,149,161,140,148,160,165,175,145,164,174,144,163,137,143,180,159,170,147,158,169,146,157),
	(34,12,24,8,28,39,10,30,13,26,42,15,3,19,32,41,21,6,17,37,44,1,11,23,35,45,2,9,29,40,25,5,14,27,43,31,4,20,33,16,36,7,18,38,22)(200,213,196,216,187,198,218,202,214,192,204,188,208,219,190,210,193,206,222,195,183,199,212,221,201,186,197,217,224,181,191,203,215,225,182,189,209,220,205,185,194,207,223,211,184)(69,53,73,84,55,75,58,71,87,60,48,64,77,86,66,51,62,82,89,46,56,68,80,90,47,54,74,85,70,50,59,72,88,76,49,65,78,61,81,52,63,83,67,79,57)(252,268,256,229,245,258,241,261,232,243,263,247,259,237,249,233,253,264,235,255,238,251,267,240,228,244,257,266,246,231,242,262,269,226,236,248,260,270,227,234,254,265,250,230,239)(115,95,104,117,133,121,94,110,123,106,126,97,108,128,112,124,102,114,98,118,129,100,120,103,116,132,105,93,109,122,131,111,96,107,127,134,91,101,113,125,135,92,99,119,130)(136,146,158,170,180,137,144,164,175,160,140,149,162,178,166,139,155,168,151,171,142,153,173,157,169,147,159,143,163,174,145,165,148,161,177,150,138,154,167,176,156,141,152,172,179),
	(34,39,42,41,44,45,25,31,36)(18,24,30,3,6,11,9,14,20)(200,198,204,210,183,186,191,189,194)(69,75,48,51,56,54,59,65,63)(2,5,4,7,12,10,15,21,1)(27,33,38,8,13,19,17,23,29)(209,207,213,218,188,193,199,197,203)(78,83,53,58,64,62,68,74,72)(217,215,220,223,196,202,208,206,212)(85,88,61,67,73,71,77,82,80)(40,43,16,22,28,26,32,37,35)(222,221,224,225,205,211,216,214,219)(89,90,70,76,81,79,84,87,86)(192,190,195,201,181,182,185,184,187)(60,66,46,47,50,49,52,57,55)(252,258,263,233,238,244,242,248,254)(115,121,126,124,129,132,131,134,135)(260,265,268,241,247,253,251,257,262)(91,92,95,94,97,102,100,105,111)(136,137,140,139,142,147,145,150,156)(266,269,270,250,256,261,259,264,267)(162,168,173,143,148,154,152,158,164)(93,96,101,99,104,110,108,114,120)(138,141,146,144,149,155,153,159,165)(170,175,178,151,157,163,161,167,172)(98,103,109,107,113,119,117,123,128)(176,179,180,160,166,171,169,174,177)(106,112,118,116,122,127,125,130,133)(237,235,240,246,226,227,230,229,232)(239,245,243,249,255,228,231,236,234),
	(34,30,32,1,29,31,18,28,15,17,45,14,16,12,13,41,11,40,4,38,39,3,37,2,27,36,24,26,21,23,25,20,22,10,19,44,9,43,7,8,42,6,35,5,33)(200,202,190,199,224,189,223,187,188,222,186,215,185,213,214,210,212,181,209,211,198,208,195,197,225,194,196,192,193,221,191,220,184,218,219,183,217,182,207,216,204,206,201,203,205)(69,71,66,68,70,65,67,55,64,89,54,88,52,53,87,51,80,50,78,79,75,77,46,74,76,63,73,60,62,90,59,61,57,58,86,56,85,49,83,84,48,82,47,72,81)(252,261,249,251,246,248,250,245,247,235,244,269,234,268,232,233,267,231,260,230,258,259,255,257,226,254,256,243,253,240,242,270,239,241,237,238,266,236,265,229,263,264,228,262,227)(115,110,112,100,109,134,99,133,97,98,132,96,125,95,123,124,120,122,91,119,121,108,118,105,107,135,104,106,102,103,131,101,130,94,128,129,93,127,92,117,126,114,116,111,113)(136,164,166,153,163,150,152,180,149,151,147,148,176,146,175,139,173,174,138,172,137,162,171,159,161,156,158,160,155,157,145,154,179,144,178,142,143,177,141,170,140,168,169,165,167),
	(34,35,8,9,10,25,26,27,3,4,41,16,17,18,1)(200,201,216,217,218,191,192,225,208,209,210,185,222,223,199)(69,47,84,85,58,59,60,76,77,78,51,52,89,67,68)(2,39,40,13,14,15,31,32,33,6,7,44,22,23,24)(198,181,214,215,188,189,190,205,206,207,183,184,221,196,197)(75,50,87,88,64,65,66,81,82,83,56,57,90,73,74)(5,42,43,19,20,21,36,37,38,11,12,45,28,29,30)(204,182,219,220,193,194,195,211,212,213,186,187,224,202,203)(48,49,86,61,62,63,46,79,80,53,54,55,70,71,72)(252,228,229,266,241,242,243,226,259,260,233,234,235,250,251)(115,116,117,93,94,131,106,107,108,91,124,125,98,99,100)(258,231,232,269,247,248,249,227,264,265,238,239,240,256,257)(121,122,123,96,97,134,112,113,114,92,129,130,103,104,105)(136,169,170,143,144,145,160,161,162,138,139,176,151,152,153)(263,236,237,270,253,254,255,230,267,268,244,245,246,261,262)(126,127,128,101,102,135,118,119,120,95,132,133,109,110,111)(137,174,175,148,149,150,166,167,168,141,142,179,157,158,159)(140,177,178,154,155,156,171,172,173,146,147,180,163,164,165),
	(34,29,15,16,11,39,27,21,22,9,42,33,1,28,14,41,38,2,26,20,44,8,5,32,18,45,13,4,37,24,25,19,7,35,30,31,17,12,40,3,36,23,10,43,6)(200,224,188,185,212,198,225,193,184,217,204,205,199,187,215,210,211,197,192,220,183,216,203,190,223,186,214,209,195,196,191,219,207,201,202,189,222,213,181,208,194,221,218,182,206)(69,70,64,52,80,75,76,62,57,85,48,81,68,55,88,51,79,74,60,61,56,84,72,66,67,54,87,78,46,73,59,86,83,47,71,65,89,53,50,77,63,90,58,49,82)(252,246,247,234,267,258,226,253,239,266,263,227,251,245,269,233,230,257,243,270,238,229,262,249,250,244,232,260,255,256,242,237,265,228,261,248,235,268,231,259,254,240,241,236,264)(115,109,97,125,120,121,107,102,130,93,126,113,100,133,96,124,119,105,106,101,129,117,111,112,99,132,123,91,118,104,131,128,92,116,110,134,98,95,122,108,135,103,94,127,114)(136,163,149,176,173,137,161,155,179,143,140,167,153,180,148,139,172,159,160,154,142,170,165,166,152,147,175,138,171,158,145,178,141,169,164,150,151,146,174,162,156,157,144,177,168),
	(34,33,5,35,6,42,8,7,43,9,44,19,10,22,20,25,23,21,26,24,36,27,2,37,3,39,38,4,40,11,41,13,12,16,14,45,17,15,28,18,31,29,1,32,30)(200,205,203,201,206,204,216,207,182,217,183,219,218,184,220,191,221,193,192,196,194,225,197,195,208,198,211,209,181,212,210,214,213,185,215,186,222,188,187,223,189,224,199,190,202)(69,81,72,47,82,48,84,83,49,85,56,86,58,57,61,59,90,62,60,73,63,76,74,46,77,75,79,78,50,80,51,87,53,52,88,54,89,64,55,67,65,70,68,66,71)(252,227,262,228,264,263,229,265,236,266,238,237,241,239,270,242,240,253,243,256,254,226,257,255,259,258,230,260,231,267,233,232,268,234,269,244,235,247,245,250,248,246,251,249,261)(115,113,111,116,114,126,117,92,127,93,129,128,94,130,101,131,103,102,106,104,135,107,105,118,108,121,119,91,122,120,124,123,95,125,96,132,98,97,133,99,134,109,100,112,110)(136,167,165,169,168,140,170,141,177,143,142,178,144,179,154,145,157,155,160,158,156,161,159,171,162,137,172,138,174,173,139,175,146,176,148,147,151,149,180,152,150,163,153,166,164),
	(34,6,43,10,23,36,3,40,12,17,31,30,35,7,19,25,24,37,4,13,45,18,32,5,8,44,20,26,2,38,41,14,28,1,33,42,9,22,21,27,39,11,16,15,29)(200,206,182,218,221,194,208,181,213,222,189,202,201,207,219,191,196,195,209,214,186,223,190,203,216,183,220,192,197,211,210,215,187,199,205,204,217,184,193,225,198,212,185,188,224)(69,82,49,58,90,63,77,50,53,89,65,71,47,83,86,59,73,46,78,87,54,67,66,72,84,56,61,60,74,79,51,88,55,68,81,48,85,57,62,76,75,80,52,64,70)(252,264,236,241,240,254,259,231,268,235,248,261,228,265,237,242,256,255,260,232,244,250,249,262,229,238,270,243,257,230,233,269,245,251,227,263,266,239,253,226,258,267,234,247,246)(115,114,127,94,103,135,108,122,95,98,134,110,116,92,128,131,104,118,91,123,132,99,112,111,117,129,101,106,105,119,124,96,133,100,113,126,93,130,102,107,121,120,125,97,109)(136,168,177,144,157,156,162,174,146,151,150,164,169,141,178,145,158,171,138,175,147,152,166,165,170,142,154,160,159,172,139,148,180,153,167,140,143,179,155,161,137,173,176,149,163),
	(34,1,18,17,16,41,4,3,27,26,25,10,9,8,35)(200,199,223,222,185,210,209,208,225,192,191,218,217,216,201)(69,68,67,89,52,51,78,77,76,60,59,58,85,84,47)(2,24,23,22,44,7,6,33,32,31,15,14,13,40,39)(198,197,196,221,184,183,207,206,205,190,189,188,215,214,181)(75,74,73,90,57,56,83,82,81,66,65,64,88,87,50)(5,30,29,28,45,12,11,38,37,36,21,20,19,43,42)(204,203,202,224,187,186,213,212,211,195,194,193,220,219,182)(48,72,71,70,55,54,53,80,79,46,63,62,61,86,49)(252,251,250,235,234,233,260,259,226,243,242,241,266,229,228)(115,100,99,98,125,124,91,108,107,106,131,94,93,117,116)(258,257,256,240,239,238,265,264,227,249,248,247,269,232,231)(121,105,104,103,130,129,92,114,113,112,134,97,96,123,122)(136,153,152,151,176,139,138,162,161,160,145,144,143,170,169)(263,262,261,246,245,244,268,267,230,255,254,253,270,237,236)(126,111,110,109,133,132,95,120,119,118,135,102,101,128,127)(137,159,158,157,179,142,141,168,167,166,150,149,148,175,174)(140,165,164,163,180,147,146,173,172,171,156,155,154,178,177),
	(34,7,20,27,40,45,1,6,19,26,39,12,18,33,43,25,2,11,17,32,42,10,24,38,16,31,5,9,23,37,41,15,30,8,22,36,4,14,29,35,44,21,3,13,28)(200,207,220,225,181,186,199,206,219,192,198,213,223,205,182,191,197,212,222,190,204,218,196,211,185,189,203,217,221,195,210,188,202,216,184,194,209,215,224,201,183,193,208,214,187)(69,83,61,76,50,54,68,82,86,60,75,53,67,81,49,59,74,80,89,66,48,58,73,79,52,65,72,85,90,46,51,64,71,84,57,63,78,88,70,47,56,62,77,87,55)(252,265,270,226,231,244,251,264,237,243,258,268,250,227,236,242,257,267,235,249,263,241,256,230,234,248,262,266,240,255,233,247,261,229,239,254,260,269,246,228,238,253,259,232,245)(115,92,101,107,122,132,100,114,128,106,121,95,99,113,127,131,105,120,98,112,126,94,104,119,125,134,111,93,103,118,124,97,110,117,130,135,91,96,109,116,129,102,108,123,133)(136,141,154,161,174,147,153,168,178,160,137,146,152,167,177,145,159,173,151,166,140,144,158,172,176,150,165,143,157,171,139,149,164,170,179,156,138,148,163,169,142,155,162,175,180),
	(34,28,13,3,21,44,35,29,14,4,36,22,8,30,15,41,37,23,9,5,31,16,38,24,10,42,32,17,11,2,25,43,33,18,12,39,26,19,6,1,45,40,27,20,7)(200,187,214,208,193,183,201,224,215,209,194,184,216,202,188,210,195,221,217,203,189,185,211,196,218,204,190,222,212,197,191,182,205,223,213,198,192,219,206,199,186,181,225,220,207)(69,55,87,77,62,56,47,70,88,78,63,57,84,71,64,51,46,90,85,72,65,52,79,73,58,48,66,89,80,74,59,49,81,67,53,75,60,86,82,68,54,50,76,61,83)(252,245,232,259,253,238,228,246,269,260,254,239,229,261,247,233,255,240,266,262,248,234,230,256,241,263,249,235,267,257,242,236,227,250,268,258,243,237,264,251,244,231,226,270,265)(115,133,123,108,102,129,116,109,96,91,135,130,117,110,97,124,118,103,93,111,134,125,119,104,94,126,112,98,120,105,131,127,113,99,95,121,106,128,114,100,132,122,107,101,92)(136,180,175,162,155,142,169,163,148,138,156,179,170,164,149,139,171,157,143,165,150,176,172,158,144,140,166,151,173,159,145,177,167,152,146,137,160,178,168,153,147,174,161,154,141),
	(34,4,9,17,26)(18,27,35,41,10)(200,209,217,222,192)(69,78,85,89,60)(2,6,13,22,31)(39,7,14,23,32)(24,33,40,44,15)(198,207,215,221,190)(75,83,88,90,66)(3,8,16,25,1)(210,218,223,225,201)(51,58,67,76,47)(5,11,19,28,36)(42,12,20,29,37)(204,213,220,224,195)(48,53,61,70,46)(183,188,196,205,181)(56,64,73,81,50)(191,199,208,216,185)(38,43,45,21,30)(186,193,202,211,182)(189,197,206,214,184)(68,77,84,52,59)(62,71,79,49,54)(194,203,212,219,187)(63,72,80,86,55)(74,82,87,57,65)(252,260,266,235,243)(115,91,93,98,106)(258,265,269,240,249)(121,92,96,103,112)(233,241,250,226,228)(136,138,143,151,160)(124,94,99,107,116)(263,268,270,246,255)(126,95,101,109,118)(238,247,256,227,231)(137,141,148,157,166)(129,97,104,113,122)(162,170,176,145,153)(139,144,152,161,169)(131,100,108,117,125)(140,146,154,163,171)(132,102,110,119,127)(168,175,179,150,159)(142,149,158,167,174)(134,105,114,123,130)(173,178,180,156,165)(147,155,164,172,177)(135,111,120,128,133)(237,245,254,262,267)(239,248,257,264,232)(229,234,242,251,259)(230,236,244,253,261),
	(34,44,36,41,31,42,25,39,45)(18,6,20,3,14,30,9,24,11)(200,183,194,210,189,204,191,198,186)(69,56,63,51,65,48,59,75,54)(2,12,1,7,21,4,15,5,10)(27,13,29,8,23,38,17,33,19)(209,188,203,218,197,213,199,207,193)(78,64,72,58,74,53,68,83,62)(217,196,212,223,206,220,208,215,202)(85,73,80,67,82,61,77,88,71)(40,28,35,22,37,16,32,43,26)(222,205,219,225,214,224,216,221,211)(89,81,86,76,87,70,84,90,79)(192,181,187,201,184,195,185,190,182)(60,50,55,47,57,46,52,66,49)(252,238,254,233,248,263,242,258,244)(115,129,135,124,134,126,131,121,132)(260,247,262,241,257,268,251,265,253)(91,97,111,94,105,95,100,92,102)(136,142,156,139,150,140,145,137,147)(266,256,267,250,264,270,259,269,261)(162,148,164,143,158,173,152,168,154)(93,104,120,99,114,101,108,96,110)(138,149,165,144,159,146,153,141,155)(170,157,172,151,167,178,161,175,163)(98,113,128,107,123,109,117,103,119)(176,166,177,160,174,180,169,179,171)(106,122,133,116,130,118,125,112,127)(237,226,232,246,229,240,230,235,227)(239,255,234,249,236,243,231,245,228),
	(34,19,2,16,30,44,27,12,32,9,36,13,1,43,24,41,29,7,26,11,31,8,21,40,18,42,23,4,28,6,25,38,15,35,20,39,17,5,22,3,45,33,10,37,14)(200,219,197,185,202,183,225,213,190,217,194,214,199,182,196,210,224,207,192,212,189,216,193,181,223,204,221,209,187,206,191,211,188,201,220,198,222,203,184,208,186,205,218,195,215)(69,86,74,52,71,56,76,53,66,85,63,87,68,49,73,51,70,83,60,80,65,84,62,50,67,48,90,78,55,82,59,79,64,47,61,75,89,72,57,77,54,81,58,46,88)(252,237,257,234,261,238,226,268,249,266,254,232,251,236,256,233,246,265,243,267,248,229,253,231,250,263,240,260,245,264,242,230,247,228,270,258,235,262,239,259,244,227,241,255,269)(115,128,105,125,110,129,107,95,112,93,135,123,100,127,104,124,109,92,106,120,134,117,102,122,99,126,103,91,133,114,131,119,97,116,101,121,98,111,130,108,132,113,94,118,96)(136,178,159,176,164,142,161,146,166,143,156,175,153,177,158,139,163,141,160,173,150,170,155,174,152,140,157,138,180,168,145,172,149,169,154,137,151,165,179,162,147,167,144,171,148),
	(34,20,40,1,19,39,18,43,2,17,42,24,16,5,23,41,30,22,4,29,44,3,28,7,27,45,6,26,12,33,25,11,32,10,38,31,9,37,15,8,36,14,35,21,13)(200,220,181,199,219,198,223,182,197,222,204,196,185,203,221,210,202,184,209,224,183,208,187,207,225,186,206,192,213,205,191,212,190,218,211,189,217,195,188,216,194,215,201,193,214)(69,61,50,68,86,75,67,49,74,89,48,73,52,72,90,51,71,57,78,70,56,77,55,83,76,54,82,60,53,81,59,80,66,58,79,65,85,46,64,84,63,88,47,62,87)(252,270,231,251,237,258,250,236,257,235,263,256,234,262,240,233,261,239,260,246,238,259,245,265,226,244,264,243,268,227,242,267,249,241,230,248,266,255,247,229,254,269,228,253,232)(115,101,122,100,128,121,99,127,105,98,126,104,125,111,103,124,110,130,91,109,129,108,133,92,107,132,114,106,95,113,131,120,112,94,119,134,93,118,97,117,135,96,116,102,123)(136,154,174,153,178,137,152,177,159,151,140,158,176,165,157,139,164,179,138,163,142,162,180,141,161,147,168,160,146,167,145,173,166,144,172,150,143,171,149,170,156,148,169,155,175),
	(34,45,39,25,42,31,41,36,44)(18,11,24,9,30,14,3,20,6)(200,186,198,191,204,189,210,194,183)(69,54,75,59,48,65,51,63,56)(2,10,5,15,4,21,7,1,12)(27,19,33,17,38,23,8,29,13)(209,193,207,199,213,197,218,203,188)(78,62,83,68,53,74,58,72,64)(217,202,215,208,220,206,223,212,196)(85,71,88,77,61,82,67,80,73)(40,26,43,32,16,37,22,35,28)(222,211,221,216,224,214,225,219,205)(89,79,90,84,70,87,76,86,81)(192,182,190,185,195,184,201,187,181)(60,49,66,52,46,57,47,55,50)(252,244,258,242,263,248,233,254,238)(115,132,121,131,126,134,124,135,129)(260,253,265,251,268,257,241,262,247)(91,102,92,100,95,105,94,111,97)(136,147,137,145,140,150,139,156,142)(266,261,269,259,270,264,250,267,256)(162,154,168,152,173,158,143,164,148)(93,110,96,108,101,114,99,120,104)(138,155,141,153,146,159,144,165,149)(170,163,175,161,178,167,151,172,157)(98,119,103,117,109,123,107,128,113)(176,171,179,169,180,174,160,177,166)(106,127,112,125,118,130,116,133,122)(237,227,235,230,240,229,246,232,226)(239,228,245,231,243,236,249,234,255),
	(34,31,45,41,39,36,25,44,42)(18,14,11,3,24,20,9,6,30)(200,189,186,210,198,194,191,183,204)(69,65,54,51,75,63,59,56,48)(2,21,10,7,5,1,15,12,4)(27,23,19,8,33,29,17,13,38)(209,197,193,218,207,203,199,188,213)(78,74,62,58,83,72,68,64,53)(217,206,202,223,215,212,208,196,220)(85,82,71,67,88,80,77,73,61)(40,37,26,22,43,35,32,28,16)(222,214,211,225,221,219,216,205,224)(89,87,79,76,90,86,84,81,70)(192,184,182,201,190,187,185,181,195)(60,57,49,47,66,55,52,50,46)(252,248,244,233,258,254,242,238,263)(115,134,132,124,121,135,131,129,126)(260,257,253,241,265,262,251,247,268)(91,105,102,94,92,111,100,97,95)(136,150,147,139,137,156,145,142,140)(266,264,261,250,269,267,259,256,270)(162,158,154,143,168,164,152,148,173)(93,114,110,99,96,120,108,104,101)(138,159,155,144,141,165,153,149,146)(170,167,163,151,175,172,161,157,178)(98,123,119,107,103,128,117,113,109)(176,174,171,160,179,177,169,166,180)(106,130,127,116,112,133,125,122,118)(237,229,227,246,235,232,230,226,240)(239,236,228,249,245,234,231,255,243),
	(34,32,29,18,15,45,16,13,11,4,39,37,27,24,21,25,22,19,9,7,42,35,33,30,1,31,28,17,14,12,41,40,38,3,2,36,26,23,20,10,44,43,8,6,5)(200,190,224,223,188,186,185,214,212,209,198,195,225,196,193,191,184,219,217,207,204,201,205,202,199,189,187,222,215,213,210,181,211,208,197,194,192,221,220,218,183,182,216,206,203)(69,66,70,67,64,54,52,87,80,78,75,46,76,73,62,59,57,86,85,83,48,47,81,71,68,65,55,89,88,53,51,50,79,77,74,63,60,90,61,58,56,49,84,82,72)(252,249,246,250,247,244,234,232,267,260,258,255,226,256,253,242,239,237,266,265,263,228,227,261,251,248,245,235,269,268,233,231,230,259,257,254,243,240,270,241,238,236,229,264,262)(115,112,109,99,97,132,125,123,120,91,121,118,107,104,102,131,130,128,93,92,126,116,113,110,100,134,133,98,96,95,124,122,119,108,105,135,106,103,101,94,129,127,117,114,111)(136,166,163,152,149,147,176,175,173,138,137,171,161,158,155,145,179,178,143,141,140,169,167,164,153,150,180,151,148,146,139,174,172,162,159,156,160,157,154,144,142,177,170,168,165),
	(34,17,4,26,9)(18,41,27,10,35)(200,222,209,192,217)(69,89,78,60,85)(2,22,6,31,13)(39,23,7,32,14)(24,44,33,15,40)(198,221,207,190,215)(75,90,83,66,88)(3,25,8,1,16)(210,225,218,201,223)(51,76,58,47,67)(5,28,11,36,19)(42,29,12,37,20)(204,224,213,195,220)(48,70,53,46,61)(183,205,188,181,196)(56,81,64,50,73)(191,216,199,185,208)(38,21,43,30,45)(186,211,193,182,202)(189,214,197,184,206)(68,52,77,59,84)(62,49,71,54,79)(194,219,203,187,212)(63,86,72,55,80)(74,57,82,65,87)(252,235,260,243,266)(115,98,91,106,93)(258,240,265,249,269)(121,103,92,112,96)(233,226,241,228,250)(136,151,138,160,143)(124,107,94,116,99)(263,246,268,255,270)(126,109,95,118,101)(238,227,247,231,256)(137,157,141,166,148)(129,113,97,122,104)(162,145,170,153,176)(139,161,144,169,152)(131,117,100,125,108)(140,163,146,171,154)(132,119,102,127,110)(168,150,175,159,179)(142,167,149,174,158)(134,123,105,130,114)(173,156,178,165,180)(147,172,155,177,164)(135,128,111,133,120)(237,262,245,267,254)(239,264,248,232,257)(229,251,234,259,242)(230,253,236,261,244),
	(34,26,17,9,4)(18,10,41,35,27)(200,192,222,217,209)(69,60,89,85,78)(2,31,22,13,6)(39,32,23,14,7)(24,15,44,40,33)(198,190,221,215,207)(75,66,90,88,83)(3,1,25,16,8)(210,201,225,223,218)(51,47,76,67,58)(5,36,28,19,11)(42,37,29,20,12)(204,195,224,220,213)(48,46,70,61,53)(183,181,205,196,188)(56,50,81,73,64)(191,185,216,208,199)(38,30,21,45,43)(186,182,211,202,193)(189,184,214,206,197)(68,59,52,84,77)(62,54,49,79,71)(194,187,219,212,203)(63,55,86,80,72)(74,65,57,87,82)(252,243,235,266,260)(115,106,98,93,91)(258,249,240,269,265)(121,112,103,96,92)(233,228,226,250,241)(136,160,151,143,138)(124,116,107,99,94)(263,255,246,270,268)(126,118,109,101,95)(238,231,227,256,247)(137,166,157,148,141)(129,122,113,104,97)(162,153,145,176,170)(139,169,161,152,144)(131,125,117,108,100)(140,171,163,154,146)(132,127,119,110,102)(168,159,150,179,175)(142,174,167,158,149)(134,130,123,114,105)(173,165,156,180,178)(147,177,172,164,155)(135,133,128,120,111)(237,267,262,254,245)(239,232,264,257,248)(229,259,251,242,234)(230,261,253,244,236),
	(34,14,37,10,33,45,3,22,5,17,39,20,35,15,38,25,6,28,4,23,42,18,40,21,8,31,11,26,7,29,41,24,43,1,13,36,9,32,12,27,44,30,16,2,19)(200,215,195,218,205,186,208,184,203,222,198,220,201,188,211,191,206,187,209,221,204,223,181,193,216,189,212,192,207,224,210,196,182,199,214,194,217,190,213,225,183,202,185,197,219)(69,88,46,58,81,54,77,57,72,89,75,61,47,64,79,59,82,55,78,90,48,67,50,62,84,65,80,60,83,70,51,73,49,68,87,63,85,66,53,76,56,71,52,74,86)(252,269,255,241,227,244,259,239,262,235,258,270,228,247,230,242,264,245,260,240,263,250,231,253,229,248,267,243,265,246,233,256,236,251,232,254,266,249,268,226,238,261,234,257,237)(115,96,118,94,113,132,108,130,111,98,121,101,116,97,119,131,114,133,91,103,126,99,122,102,117,134,120,106,92,109,124,104,127,100,123,135,93,112,95,107,129,110,125,105,128)(136,148,171,144,167,147,162,179,165,151,137,154,169,149,172,145,168,180,138,157,140,152,174,155,170,150,173,160,141,163,139,158,177,153,175,156,143,166,146,161,142,164,176,159,178),
	(34,13,21,35,14,36,8,15,37,9,31,38,10,32,11,25,33,12,26,6,45,27,7,28,3,44,29,4,22,30,41,23,5,16,24,42,17,2,43,18,39,19,1,40,20)(200,214,193,201,215,194,216,188,195,217,189,211,218,190,212,191,205,213,192,206,186,225,207,187,208,183,224,209,184,202,210,221,203,185,196,204,222,197,182,223,198,219,199,181,220)(69,87,62,47,88,63,84,64,46,85,65,79,58,66,80,59,81,53,60,82,54,76,83,55,77,56,70,78,57,71,51,90,72,52,73,48,89,74,49,67,75,86,68,50,61)(252,232,253,228,269,254,229,247,255,266,248,230,241,249,267,242,227,268,243,264,244,226,265,245,259,238,246,260,239,261,233,240,262,234,256,263,235,257,236,250,258,237,251,231,270)(115,123,102,116,96,135,117,97,118,93,134,119,94,112,120,131,113,95,106,114,132,107,92,133,108,129,109,91,130,110,124,103,111,125,104,126,98,105,127,99,121,128,100,122,101)(136,175,155,169,148,156,170,149,171,143,150,172,144,166,173,145,167,146,160,168,147,161,141,180,162,142,163,138,179,164,139,157,165,176,158,140,151,159,177,152,137,178,153,174,154),
	(34,42,44,25,36,39,41,45,31)(18,30,6,9,20,24,3,11,14)(200,204,183,191,194,198,210,186,189)(69,48,56,59,63,75,51,54,65)(2,4,12,15,1,5,7,10,21)(27,38,13,17,29,33,8,19,23)(209,213,188,199,203,207,218,193,197)(78,53,64,68,72,83,58,62,74)(217,220,196,208,212,215,223,202,206)(85,61,73,77,80,88,67,71,82)(40,16,28,32,35,43,22,26,37)(222,224,205,216,219,221,225,211,214)(89,70,81,84,86,90,76,79,87)(192,195,181,185,187,190,201,182,184)(60,46,50,52,55,66,47,49,57)(252,263,238,242,254,258,233,244,248)(115,126,129,131,135,121,124,132,134)(260,268,247,251,262,265,241,253,257)(91,95,97,100,111,92,94,102,105)(136,140,142,145,156,137,139,147,150)(266,270,256,259,267,269,250,261,264)(162,173,148,152,164,168,143,154,158)(93,101,104,108,120,96,99,110,114)(138,146,149,153,165,141,144,155,159)(170,178,157,161,172,175,151,163,167)(98,109,113,117,128,103,107,119,123)(176,180,166,169,177,179,160,171,174)(106,118,122,125,133,112,116,127,130)(237,240,226,230,232,235,246,227,229)(239,243,255,231,234,245,249,228,236),
	(34,9,26,4,17)(18,35,10,27,41)(200,217,192,209,222)(69,85,60,78,89)(2,13,31,6,22)(39,14,32,7,23)(24,40,15,33,44)(198,215,190,207,221)(75,88,66,83,90)(3,16,1,8,25)(210,223,201,218,225)(51,67,47,58,76)(5,19,36,11,28)(42,20,37,12,29)(204,220,195,213,224)(48,61,46,53,70)(183,196,181,188,205)(56,73,50,64,81)(191,208,185,199,216)(38,45,30,43,21)(186,202,182,193,211)(189,206,184,197,214)(68,84,59,77,52)(62,79,54,71,49)(194,212,187,203,219)(63,80,55,72,86)(74,87,65,82,57)(252,266,243,260,235)(115,93,106,91,98)(258,269,249,265,240)(121,96,112,92,103)(233,250,228,241,226)(136,143,160,138,151)(124,99,116,94,107)(263,270,255,268,246)(126,101,118,95,109)(238,256,231,247,227)(137,148,166,141,157)(129,104,122,97,113)(162,176,153,170,145)(139,152,169,144,161)(131,108,125,100,117)(140,154,171,146,163)(132,110,127,102,119)(168,179,159,175,150)(142,158,174,149,167)(134,114,130,105,123)(173,180,165,178,156)(147,164,177,155,172)(135,120,133,111,128)(237,254,267,245,262)(239,257,232,248,264)(229,242,259,234,251)(230,244,261,236,253),
	(34,5,6,8,43,44,10,20,23,26,36,2,3,38,40,41,12,14,17,28,31,1,30,33,35,42,7,9,19,22,25,21,24,27,37,39,4,11,13,16,45,15,18,29,32)(200,203,206,216,182,183,218,220,221,192,194,197,208,211,181,210,213,215,222,187,189,199,202,205,201,204,207,217,219,184,191,193,196,225,195,198,209,212,214,185,186,188,223,224,190)(69,72,82,84,49,56,58,61,90,60,63,74,77,79,50,51,53,88,89,55,65,68,71,81,47,48,83,85,86,57,59,62,73,76,46,75,78,80,87,52,54,64,67,70,66)(252,262,264,229,236,238,241,270,240,243,254,257,259,230,231,233,268,269,235,245,248,251,261,227,228,263,265,266,237,239,242,253,256,226,255,258,260,267,232,234,244,247,250,246,249)(115,111,114,117,127,129,94,101,103,106,135,105,108,119,122,124,95,96,98,133,134,100,110,113,116,126,92,93,128,130,131,102,104,107,118,121,91,120,123,125,132,97,99,109,112)(136,165,168,170,177,142,144,154,157,160,156,159,162,172,174,139,146,148,151,180,150,153,164,167,169,140,141,143,178,179,145,155,158,161,171,137,138,173,175,176,147,149,152,163,166),
	(34,27,1,26,18,25,17,10,16,9,41,8,4,35,3)(200,225,199,192,223,191,222,218,185,217,210,216,209,201,208)(69,76,68,60,67,59,89,58,52,85,51,84,78,47,77)(2,32,24,31,23,15,22,14,44,13,7,40,6,39,33)(198,205,197,190,196,189,221,188,184,215,183,214,207,181,206)(75,81,74,66,73,65,90,64,57,88,56,87,83,50,82)(5,37,30,36,29,21,28,20,45,19,12,43,11,42,38)(204,211,203,195,202,194,224,193,187,220,186,219,213,182,212)(48,79,72,46,71,63,70,62,55,61,54,86,53,49,80)(252,226,251,243,250,242,235,241,234,266,233,229,260,228,259)(115,107,100,106,99,131,98,94,125,93,124,117,91,116,108)(258,227,257,249,256,248,240,247,239,269,238,232,265,231,264)(121,113,105,112,104,134,103,97,130,96,129,123,92,122,114)(136,161,153,160,152,145,151,144,176,143,139,170,138,169,162)(263,230,262,255,261,254,246,253,245,270,244,237,268,236,267)(126,119,111,118,110,135,109,102,133,101,132,128,95,127,120)(137,167,159,166,158,150,157,149,179,148,142,175,141,174,168)(140,172,165,171,164,156,163,155,180,154,147,178,146,177,173),
	(34,25,41)(18,9,3)(200,191,210)(69,59,51)(2,15,7)(39,31,44)(24,14,6)(198,189,183)(75,65,56)(4,1,10)(27,17,8)(209,199,218)(78,68,58)(5,21,12)(42,36,45)(204,194,186)(48,63,54)(207,197,188)(83,74,64)(217,208,223)(85,77,67)(11,30,20)(38,29,19)(213,203,193)(13,33,23)(40,32,22)(215,206,196)(88,82,73)(16,35,26)(222,216,225)(89,84,76)(43,37,28)(220,212,202)(61,80,71)(62,53,72)(221,214,205)(192,185,201)(60,52,47)(224,219,211)(70,86,79)(190,184,181)(66,57,50)(81,90,87)(195,187,182)(46,55,49)(252,242,233)(115,131,124)(258,248,238)(121,134,129)(260,251,241)(91,100,94)(136,145,139)(263,254,244)(126,135,132)(265,257,247)(92,105,97)(137,150,142)(266,259,250)(162,152,143)(93,108,99)(138,153,144)(95,111,102)(140,156,147)(168,158,148)(96,114,104)(141,159,149)(170,161,151)(98,117,107)(173,164,154)(101,120,110)(146,165,155)(175,167,157)(103,123,113)(176,169,160)(106,125,116)(178,172,163)(109,128,119)(179,174,166)(112,130,122)(180,177,171)(118,133,127)(237,230,246)(239,231,249)(245,236,255)(226,235,229)(227,240,232)(228,243,234)(253,268,262)(256,269,264)(261,270,267),
