[
	(193,293,362,237)(2,14)(194,306,364,227)(294,376,239,206)(3,16,15,4)(195,307,373,238)(296,375,228,196)(361,226,207,295)(240,208,308,363)(5,83,146,177)(197,248,222,282)(289,275,256,341)(370,372,383,369)(229,329,338,213)(6,96,157,178)(198,258,233,284)(290,288,242,343)(231,319,349,214)(7,82,159,191)(199,247,236,269)(292,274,241,356)(232,332,351,204)(8,93,148,192)(200,257,223,271)(291,285,255,354)(371,381,382,384)(230,318,340,203)(9,135,117,66)(201,217,317,350)(297,312,309,300)(366,327,261,267)(10,136,106,53)(202,219,331,337)(298,310)(368,328,250,277)(235,283,212,245)(11,121,120,55)(365,313,263,280)(12,122,107,68)(367,314,252,266)(234,270,209,260)(205,305,374,225)(17,95,158,189)(301,287,244,353)(18,84,145,190)(210,246,221,272)(302,276,254,355)(19,94,147,179)(211,259,224,281)(304,286,253,344)(220,320,339,216)(20,81,160,180)(303,273,243,342)(218,330,352,215)(21,123,105,54)(378,315,249,279)(22,124,118,65)(380,316,262,265)(23,133,108,67)(377,325,251,268)(24,134,119,56)(379,326,264,278)(26,38)(27,40,39,28)(29,71,170,165)(358,360,347,357)(30,60,181,166)(31,70,183,155)(32,57,172,156)(359,345,346,348)(33,99,141,90)(321,336,333,324)(34,100,130,77)(322,334)(35,109,144,79)(36,110,131,92)(41,59,182,153)(42,72,169,154)(43,58,171,167)(44,69,184,168)(45,111,129,78)(46,112,142,89)(47,97,132,91)(48,98,143,80)(49,63,62,64)(50,52,61,51)(73,87,86,88)(74,76,85,75)(101,164,127,185)(102,151,128,174)(103,161,137,176)(104,150,138,187)(113,152,139,173)(114,163,140,186)(115,149,125,188)(116,162,126,175)(299)(311)(323)(335),
	(193,237,362,293)(2,14)(194,227,364,306)(294,206,239,376)(3,4,15,16)(195,238,373,307)(296,196,228,375)(361,295,207,226)(240,363,308,208)(5,177,146,83)(197,282,222,248)(289,341,256,275)(370,369,383,372)(229,213,338,329)(6,178,157,96)(198,284,233,258)(290,343,242,288)(231,214,349,319)(7,191,159,82)(199,269,236,247)(292,356,241,274)(232,204,351,332)(8,192,148,93)(200,271,223,257)(291,354,255,285)(371,384,382,381)(230,203,340,318)(9,66,117,135)(201,350,317,217)(297,300,309,312)(366,267,261,327)(10,53,106,136)(202,337,331,219)(298,310)(368,277,250,328)(235,245,212,283)(11,55,120,121)(365,280,263,313)(12,68,107,122)(367,266,252,314)(234,260,209,270)(205,225,374,305)(17,189,158,95)(301,353,244,287)(18,190,145,84)(210,272,221,246)(302,355,254,276)(19,179,147,94)(211,281,224,259)(304,344,253,286)(220,216,339,320)(20,180,160,81)(303,342,243,273)(218,215,352,330)(21,54,105,123)(378,279,249,315)(22,65,118,124)(380,265,262,316)(23,67,108,133)(377,268,251,325)(24,56,119,134)(379,278,264,326)(26,38)(27,28,39,40)(29,165,170,71)(358,357,347,360)(30,166,181,60)(31,155,183,70)(32,156,172,57)(359,348,346,345)(33,90,141,99)(321,324,333,336)(34,77,130,100)(322,334)(35,79,144,109)(36,92,131,110)(41,153,182,59)(42,154,169,72)(43,167,171,58)(44,168,184,69)(45,78,129,111)(46,89,142,112)(47,91,132,97)(48,80,143,98)(49,64,62,63)(50,51,61,52)(73,88,86,87)(74,75,85,76)(101,185,127,164)(102,174,128,151)(103,176,137,161)(104,187,138,150)(113,173,139,152)(114,186,140,163)(115,188,125,149)(116,175,126,162)(299)(311)(323)(335),
	(193,324,275,254,381,201,217,312,263,278,345,225,205,336,287,242,369,213,229,300,251,266,357,237)(293,303,235,354,337,270,317,327,199,378,361,258,305,291,223,342,349,282,329,315,211,366,373,246)(362,260,294,292,221,353,350,284,318,316,209,377,374,248,306,304,233,341,338,272,330,328,197,365)(2,100,143,61,158,178,26,124,107,85,182,166,14,112,131,49,146,190,38,136,119,73,170,154)(194,334,288,253,371,214,218,298,252,277,359,238,206,322,276,241,383,202,230,310,264,265,347,226)(364,247,308,290,234,343,352,271,332,314,198,367,376,259,296,302,222,355,340,283,320,326,210,379)(239,207,335,273,244,370,203,231,299,261,268,358,227,195,323,285,256,382,215,219,311,249,280,346)(3,110,141,64,148,180,27,134,105,88,172,168,15,98,129,52,160,192,39,122,117,76,184,156)(240,196,333,274,255,372,204,220,297,262,279,360,228,208,321,286,243,384,216,232,309,250,267,348)(4,97,130,63,159,191,28,121,118,87,183,155,16,109,142,51,147,179,40,133,106,75,171,167)(295,289,236,356,351,269,319,313,200,380,375,257,307,301,224,344,339,281,331,325,212,368,363,245)(5,11,164,68,69,127,29,35,188,92,93,115,17,23,152,56,57,139,41,47,176,80,81,103)(6,12,151,67,70,140,30,36,175,91,94,104,18,24,163,55,58,128,42,48,187,79,82,116)(7,21,161,66,59,126,31,45,185,90,83,114,19,9,149,54,71,138,43,33,173,78,95,102)(8,22,150,65,60,137,32,46,174,89,84,101,20,10,162,53,72,125,44,34,186,77,96,113)(13,99,144,50,157,177,37,123,108,74,181,165,1,111,132,62,145,189,25,135,120,86,169,153),
	(193,377,277,329,229,353,253,305,205,365,265,317,217,341,241,293)(362,274,314,226,338,250,290,202,374,286,326,238,350,262,302,214)(237,349,261,301,213,361,273,313,225,337,249,289,201,373,285,325)(2,186,86,138,38,162,62,114,14,174,74,126,26,150,50,102)(194,378,278,330,230,354,254,306,206,366,266,318,218,342,242,294)(364,276,316,228,340,252,292,204,376,288,328,240,352,264,304,216)(239,351,263,303,215,363,275,315,227,339,251,291,203,375,287,327)(3,187,87,139,39,163,63,115,15,175,75,127,27,151,51,103)(195,379,279,331,231,355,255,307,207,367,267,319,219,343,243,295)(296,196,380,280,332,232,356,256,308,208,368,268,320,220,344,244)(4,188,88,140,40,164,64,116,16,176,76,128,28,152,52,104)(5,189,89,141,41,165,65,117,17,177,77,129,29,153,53,105)(197,381,281,333,233,357,257,309,209,369,269,321,221,345,245,297)(370,270,322,222,346,246,298,198,382,282,334,234,358,258,310,210)(6,190,90,142,42,166,66,118,18,178,78,130,30,154,54,106)(372,272,324,224,348,248,300,200,384,284,336,236,360,260,312,212)(7,191,91,143,43,167,67,119,19,179,79,131,31,155,55,107)(199,383,283,335,235,359,259,311,211,371,271,323,223,347,247,299)(8,192,92,144,44,168,68,120,20,180,80,132,32,156,56,108)(9,181,93,133,45,157,69,109,21,169,81,121,33,145,57,97)(10,182,94,134,46,158,70,110,22,170,82,122,34,146,58,98)(11,183,95,135,47,159,71,111,23,171,83,123,35,147,59,99)(12,184,96,136,48,160,72,112,24,172,84,124,36,148,60,100)(13,173,73,125,25,149,49,101,1,185,85,137,37,161,61,113),
	(193,362)(293,237)(194,364)(294,239)(3,15)(195,373)(296,228)(361,207)(240,308)(4,16)(196,375)(295,226)(363,208)(238,307)(5,146)(197,222)(289,256)(370,383)(229,338)(6,157)(198,233)(290,242)(372,369)(231,349)(7,159)(199,236)(292,241)(232,351)(8,148)(200,223)(291,255)(371,382)(230,340)(9,117)(201,317)(297,309)(366,261)(10,106)(202,331)(368,250)(235,212)(11,120)(203,318)(300,312)(365,263)(12,107)(204,332)(367,252)(234,209)(205,374)(305,225)(206,376)(306,227)(17,158)(301,244)(217,350)(18,145)(210,221)(302,254)(384,381)(219,337)(19,147)(211,224)(304,253)(220,339)(20,160)(303,243)(218,352)(21,105)(213,329)(378,249)(22,118)(214,319)(380,262)(23,108)(215,330)(377,251)(24,119)(216,320)(379,264)(27,39)(28,40)(29,170)(313,280)(358,347)(30,181)(314,266)(360,357)(31,183)(316,265)(32,172)(315,279)(359,346)(33,141)(321,333)(354,285)(34,130)(356,274)(35,144)(324,336)(353,287)(36,131)(355,276)(41,182)(325,268)(42,169)(326,278)(348,345)(43,171)(328,277)(44,184)(327,267)(45,129)(342,273)(46,142)(344,286)(47,132)(341,275)(48,143)(343,288)(49,62)(50,61)(51,52)(53,136)(54,123)(55,121)(56,134)(57,156)(58,167)(59,153)(60,166)(63,64)(65,124)(66,135)(67,133)(68,122)(69,168)(70,155)(71,165)(72,154)(73,86)(74,85)(75,76)(77,100)(78,111)(79,109)(80,98)(81,180)(82,191)(83,177)(84,190)(87,88)(89,112)(90,99)(91,97)(92,110)(93,192)(94,179)(95,189)(96,178)(101,127)(102,128)(103,137)(104,138)(113,139)(114,140)(115,125)(116,126)(149,188)(150,187)(151,174)(152,173)(161,176)(162,175)(163,186)(164,185)(245,283)(246,272)(247,269)(248,282)(257,271)(258,284)(259,281)(260,270)(298)(299)(310)(311)(322)(323)(334)(335),
	(193,303,244,350,217,327,268,374,205,291,256,338,229,315,280,362)(293,260,343,234,317,284,367,198,305,248,355,222,329,272,379,210)(237,324,286,371,201,312,250,359,225,336,274,383,213,300,262,347)(2,112,51,157,26,136,75,181,14,100,63,145,38,124,87,169)(194,304,243,349,218,328,267,373,206,292,255,337,230,316,279,361)(294,259,344,233,318,283,368,197,306,247,356,221,330,271,380,209)(364,195,301,242,352,219,325,266,376,207,289,254,340,231,313,278)(239,322,288,369,203,310,252,357,227,334,276,381,215,298,264,345)(3,109,50,160,27,133,74,184,15,97,62,148,39,121,86,172)(296,257,342,235,320,281,366,199,308,245,354,223,332,269,378,211)(240,321,287,370,204,309,251,358,228,333,275,382,216,297,263,346)(4,110,49,159,28,134,73,183,16,98,61,147,40,122,85,171)(196,302,241,351,220,326,265,375,208,290,253,339,232,314,277,363)(295,258,341,236,319,282,365,200,307,246,353,224,331,270,377,212)(238,323,285,372,202,311,249,360,226,335,273,384,214,299,261,348)(5,114,55,164,29,138,79,188,17,102,67,152,41,126,91,176)(6,113,56,163,30,137,80,187,18,101,68,151,42,125,92,175)(7,116,53,162,31,140,77,186,19,104,65,150,43,128,89,174)(8,115,54,161,32,139,78,185,20,103,66,149,44,127,90,173)(9,120,58,167,33,144,82,191,21,108,70,155,45,132,94,179)(10,119,57,168,34,143,81,192,22,107,69,156,46,131,93,180)(11,118,60,165,35,142,84,189,23,106,72,153,47,130,96,177)(12,117,59,166,36,141,83,190,24,105,71,154,48,129,95,178)(13,99,64,146,37,123,88,170,1,111,52,158,25,135,76,182),
	(193,246,292,333)(293,365,319,342)(362,357,268,209)(2,166,140,34)(194,248,302,322)(294,367,332,356)(364,358,279,199)(239,238,227,226)(3,155,126,36)(195,257,291,323)(296,380,318,355)(361,347,266,198)(240,228)(4,156,137,47)(196,259,301,336)(295,378,329,341)(363,348,277,212)(5,90,43,55)(197,374,345,280)(289,324,208,247)(370,255,235,340)(229,282,328,309)(6,77,44,68)(290,334,206,260)(372,241,236,351)(231,269,327,299)(7,79,29,54)(369,244,221,338)(232,271,313,312)(8,92,30,65)(200,375,360,265)(371,254,222,349)(230,284,314,298)(9,25,189,115)(297,217,270,316)(366,317,353,307)(233,350,381,256)(10,38,178,116)(202,215,214,203)(368,330,343,308)(11,28,180,101)(300,220,283,325)(12,39,191,102)(204,216)(234,337,383,242)(13,153,139,33)(205,258,304,321)(305,377,331,354)(14,154,128,46)(306,379,320,344)(376,346,267,211)(15,167,138,48)(207,245,303,335)(373,359,278,210)(16,168,125,35)(17,78,31,67)(382,243,223,352)(18,89,32,56)(384,253,224,339)(219,281,315,311)(19,91,41,66)(20,80,42,53)(218,272,326,310)(21,37,177,103)(22,26,190,104)(23,40,192,113)(24,27,179,114)(45,1,165,127)(49,130,186,83)(50,129,173,96)(51,144,187,94)(52,143,176,81)(57,88,119,152)(58,75,108,151)(59,85,106,162)(60,74,117,161)(61,142,174,95)(62,141,185,84)(63,132,175,82)(64,131,188,93)(69,76,107,164)(70,87,120,163)(71,73,118,150)(72,86,105,149)(97,111,98,100)(99,110,112,109)(121,135,122,124)(123,134,136,133)(145,146,157,158)(148,160)(169,170,181,182)(172,184)(249,262,264,263)(250,252,251,261)(273,286,288,287)(274,276,275,285)(147)(159)(171)(183)(201)(213)(225)(237),
	(193,241,232,280,205,253,220,268)(293,214,331,225,305,202,319,237)(362,325,339,304,374,313,351,292)(2,114,39,128,14,102,27,140)(194,254,231,267,206,242,219,279)(294,204,332,239,306,216,320,227)(364,315,337,290,376,327,349,302)(3,116,38,126,15,104,26,138)(195,255,230,266,207,243,218,278)(296,203,330,240,308,215,318,228)(361,314,340,291,373,326,352,303)(4,103,37,137,16,115,25,125)(196,244,229,277,208,256,217,265)(295,213,329,226,307,201,317,238)(363,328,338,301,375,316,350,289)(5,171,43,146,17,183,31,158)(197,348,235,383,209,360,223,371)(370,212,345,222,382,200,357,234)(6,184,44,157,18,172,32,145)(198,358,236,369,210,346,224,381)(372,199,347,233,384,211,359,221)(7,170,41,147,19,182,29,159)(8,181,42,160,20,169,30,148)(9,95,46,72,21,83,34,60)(297,260,334,270,309,248,322,282)(366,287,344,264,378,275,356,252)(10,96,45,71,22,84,33,59)(298,258,333,272,310,246,321,284)(368,288,342,263,380,276,354,251)(11,81,48,58,23,93,36,70)(300,245,335,283,312,257,323,271)(365,273,343,250,377,285,355,262)(12,82,47,57,24,94,35,69)(299,247,336,281,311,259,324,269)(367,274,341,249,379,286,353,261)(13,113,28,127,1,101,40,139)(49,163,88,173,61,151,76,185)(50,152,87,186,62,164,75,174)(51,150,86,188,63,162,74,176)(52,161,85,175,64,149,73,187)(53,98,91,135,65,110,79,123)(54,109,92,124,66,97,80,136)(55,99,89,134,67,111,77,122)(56,112,90,121,68,100,78,133)(105,154,142,189,117,166,130,177)(106,153,141,190,118,165,129,178)(107,168,144,179,119,156,132,191)(108,167,143,180,120,155,131,192),
	(193,357,265,297,229,369,241,333,205,345,277,309,217,381,253,321)(293,237,365,249,329,213,341,285,305,225,377,261,317,201,353,273)(362,246,326,210,338,282,302,222,374,258,314,198,350,270,290,234)(2,166,74,106,38,178,50,142,14,154,86,118,26,190,62,130)(194,358,266,298,230,370,242,334,206,346,278,310,218,382,254,322)(294,238,366,250,330,214,342,286,306,226,378,262,318,202,354,274)(364,248,328,212,340,284,304,224,376,260,316,200,352,272,292,236)(239,367,251,331,215,343,287,307,227,379,263,319,203,355,275,295)(3,167,75,107,39,179,51,143,15,155,87,119,27,191,63,131)(195,359,267,299,231,371,243,335,207,347,279,311,219,383,255,323)(296,240,368,252,332,216,344,288,308,228,380,264,320,204,356,276)(361,245,325,209,337,281,301,221,373,257,313,197,349,269,289,233)(4,168,76,108,40,180,52,144,16,156,88,120,28,192,64,132)(196,360,268,300,232,372,244,336,208,348,280,312,220,384,256,324)(363,247,327,211,339,283,303,223,375,259,315,199,351,271,291,235)(5,157,77,97,41,169,53,133,17,145,89,109,29,181,65,121)(6,158,78,98,42,170,54,134,18,146,90,110,30,182,66,122)(7,159,79,99,43,171,55,135,19,147,91,111,31,183,67,123)(8,160,80,100,44,172,56,136,20,148,92,112,32,184,68,124)(9,161,81,101,45,173,57,137,21,149,93,113,33,185,69,125)(10,162,82,102,46,174,58,138,22,150,94,114,34,186,70,126)(11,163,83,103,47,175,59,139,23,151,95,115,35,187,71,127)(12,164,84,104,48,176,60,140,24,152,96,116,36,188,72,128)(13,153,85,117,25,189,61,129,1,165,73,105,37,177,49,141),
	(193,349,219,374,205,337,231,362)(293,377,320,344,305,365,332,356)(237,274,204,263,225,286,216,251)(2,174,28,163,14,186,40,151)(194,339,220,364,206,351,232,376)(294,366,319,355,306,378,331,343)(239,288,202,249,227,276,214,261)(3,188,25,149,15,176,37,161)(195,350,217,373,207,338,229,361)(296,380,317,341,308,368,329,353)(240,275,201,262,228,287,213,250)(4,175,26,162,16,187,38,150)(196,340,218,363,208,352,230,375)(295,367,318,354,307,379,330,342)(238,285,203,252,226,273,215,264)(5,77,30,66,17,89,42,54)(197,334,222,300,209,322,234,312)(289,241,314,267,301,253,326,279)(370,269,360,258,382,281,348,246)(6,78,29,65,18,90,41,53)(198,336,221,298,210,324,233,310)(290,243,313,265,302,255,325,277)(372,270,358,257,384,282,346,245)(7,91,32,56,19,79,44,68)(199,321,224,311,211,333,236,299)(292,256,315,278,304,244,327,266)(369,283,359,248,381,271,347,260)(8,92,31,55,20,80,43,67)(200,323,223,309,212,335,235,297)(291,254,316,280,303,242,328,268)(371,284,357,247,383,272,345,259)(9,118,36,144,21,106,48,132)(10,105,35,131,22,117,47,143)(11,107,34,129,23,119,46,141)(12,120,33,142,24,108,45,130)(13,173,39,164,1,185,27,152)(49,116,75,137,61,104,87,125)(50,103,76,126,62,115,88,138)(51,113,73,140,63,101,85,128)(52,102,74,127,64,114,86,139)(57,156,84,178,69,168,96,190)(58,167,83,189,70,155,95,177)(59,165,82,191,71,153,94,179)(60,154,81,180,72,166,93,192)(97,159,122,184,109,147,134,172)(98,160,121,183,110,148,133,171)(99,145,124,170,111,157,136,182)(100,146,123,169,112,158,135,181),
	(193,325)(362,241)(237,214)(2,114)(194,315)(294,306)(364,254)(239,204)(3,104)(195,326)(361,243)(240,215)(4,115)(196,316)(295,307)(363,256)(238,201)(5,17)(197,382)(289,217)(370,209)(229,301)(6,18)(198,384)(290,219)(372,210)(231,302)(199,369)(292,232)(200,371)(291,230)(9,166)(297,248)(366,367)(233,358)(10,153)(202,225)(298,258)(368,377)(235,345)(11,155)(203,228)(300,257)(365,380)(236,347)(12,168)(299,247)(234,360)(13,113)(205,313)(374,253)(14,102)(206,327)(376,242)(227,216)(15,116)(207,314)(373,255)(16,103)(208,328)(375,244)(226,213)(211,381)(304,220)(212,383)(303,218)(21,154)(309,260)(378,379)(221,346)(22,165)(310,246)(223,357)(23,167)(312,245)(224,359)(24,156)(311,259)(222,348)(25,125)(350,265)(26,138)(318,330)(352,278)(27,128)(349,267)(28,139)(319,331)(351,280)(29,41)(30,42)(33,190)(321,272)(354,355)(34,177)(322,282)(356,341)(35,179)(324,281)(353,344)(36,192)(323,271)(37,137)(338,277)(38,126)(340,266)(39,140)(337,279)(40,127)(339,268)(45,178)(333,284)(342,343)(46,189)(334,270)(47,191)(336,269)(48,180)(335,283)(49,164)(50,151)(51,161)(52,150)(53,54)(55,68)(56,67)(57,132)(58,143)(59,141)(60,130)(61,152)(62,163)(63,149)(64,162)(65,66)(69,144)(70,131)(71,129)(72,142)(73,188)(74,175)(75,185)(76,174)(77,78)(79,92)(80,91)(81,120)(82,107)(83,105)(84,118)(85,176)(86,187)(87,173)(88,186)(89,90)(93,108)(94,119)(95,117)(96,106)(97,135)(98,136)(99,121)(100,122)(101,1)(109,123)(110,124)(111,133)(112,134)(145,172)(146,171)(147,182)(148,181)(157,184)(158,183)(159,170)(160,169)(249,275)(250,288)(251,285)(252,274)(261,287)(262,276)(263,273)(264,286)(293)(296)(305)(308)(317)(320)(329)(332),
	(193,321,253,381,217,309,277,345,205,333,241,369,229,297,265,357)(293,273,353,201,317,261,377,225,305,285,341,213,329,249,365,237)(362,234,290,270,350,198,314,258,374,222,302,282,338,210,326,246)(2,130,62,190,26,118,86,154,14,142,50,178,38,106,74,166)(194,322,254,382,218,310,278,346,206,334,242,370,230,298,266,358)(294,274,354,202,318,262,378,226,306,286,342,214,330,250,366,238)(364,236,292,272,352,200,316,260,376,224,304,284,340,212,328,248)(239,295,275,355,203,319,263,379,227,307,287,343,215,331,251,367)(3,131,63,191,27,119,87,155,15,143,51,179,39,107,75,167)(195,323,255,383,219,311,279,347,207,335,243,371,231,299,267,359)(296,276,356,204,320,264,380,228,308,288,344,216,332,252,368,240)(361,233,289,269,349,197,313,257,373,221,301,281,337,209,325,245)(4,132,64,192,28,120,88,156,16,144,52,180,40,108,76,168)(196,324,256,384,220,312,280,348,208,336,244,372,232,300,268,360)(363,235,291,271,351,199,315,259,375,223,303,283,339,211,327,247)(5,121,65,181,29,109,89,145,17,133,53,169,41,97,77,157)(6,122,66,182,30,110,90,146,18,134,54,170,42,98,78,158)(7,123,67,183,31,111,91,147,19,135,55,171,43,99,79,159)(8,124,68,184,32,112,92,148,20,136,56,172,44,100,80,160)(9,125,69,185,33,113,93,149,21,137,57,173,45,101,81,161)(10,126,70,186,34,114,94,150,22,138,58,174,46,102,82,162)(11,127,71,187,35,115,95,151,23,139,59,175,47,103,83,163)(12,128,72,188,36,116,96,152,24,140,60,176,48,104,84,164)(13,141,49,177,37,105,73,165,1,129,61,189,25,117,85,153),
	(193,333,292,246)(293,342,319,365)(362,209,268,357)(2,34,140,166)(194,322,302,248)(294,356,332,367)(364,199,279,358)(239,226,227,238)(3,36,126,155)(195,323,291,257)(296,355,318,380)(361,198,266,347)(240,228)(4,47,137,156)(196,336,301,259)(295,341,329,378)(363,212,277,348)(5,55,43,90)(197,280,345,374)(289,247,208,324)(370,340,235,255)(229,309,328,282)(6,68,44,77)(290,260,206,334)(372,351,236,241)(231,299,327,269)(7,54,29,79)(369,338,221,244)(232,312,313,271)(8,65,30,92)(200,265,360,375)(371,349,222,254)(230,298,314,284)(9,115,189,25)(297,316,270,217)(366,307,353,317)(233,256,381,350)(10,116,178,38)(202,203,214,215)(368,308,343,330)(11,101,180,28)(300,325,283,220)(12,102,191,39)(204,216)(234,242,383,337)(13,33,139,153)(205,321,304,258)(305,354,331,377)(14,46,128,154)(306,344,320,379)(376,211,267,346)(15,48,138,167)(207,335,303,245)(373,210,278,359)(16,35,125,168)(17,67,31,78)(382,352,223,243)(18,56,32,89)(384,339,224,253)(219,311,315,281)(19,66,41,91)(20,53,42,80)(218,310,326,272)(21,103,177,37)(22,104,190,26)(23,113,192,40)(24,114,179,27)(45,127,165,1)(49,83,186,130)(50,96,173,129)(51,94,187,144)(52,81,176,143)(57,152,119,88)(58,151,108,75)(59,162,106,85)(60,161,117,74)(61,95,174,142)(62,84,185,141)(63,82,175,132)(64,93,188,131)(69,164,107,76)(70,163,120,87)(71,150,118,73)(72,149,105,86)(97,100,98,111)(99,109,112,110)(121,124,122,135)(123,133,136,134)(145,158,157,146)(148,160)(169,182,181,170)(172,184)(249,263,264,262)(250,261,251,252)(273,287,288,286)(274,285,275,276)(147)(159)(171)(183)(201)(213)(225)(237),
	(193,275,381,217,263,345,205,287,369,229,251,357)(293,235,337,317,199,361,305,223,349,329,211,373)(362,294,221,350,318,209,374,306,233,338,330,197)(237,324,254,201,312,278,225,336,242,213,300,266)(2,143,158,26,107,182,14,131,146,38,119,170)(194,288,371,218,252,359,206,276,383,230,264,347)(364,308,234,352,332,198,376,296,222,340,320,210)(239,335,244,203,299,268,227,323,256,215,311,280)(3,141,148,27,105,172,15,129,160,39,117,184)(195,285,382,219,249,346,207,273,370,231,261,358)(240,333,255,204,297,279,228,321,243,216,309,267)(4,130,159,28,118,183,16,142,147,40,106,171)(196,274,372,220,262,360,208,286,384,232,250,348)(295,236,351,319,200,375,307,224,339,331,212,363)(238,322,241,202,310,265,226,334,253,214,298,277)(5,164,69,29,188,93,17,152,57,41,176,81)(289,356,269,313,380,257,301,344,281,325,368,245)(6,151,70,30,175,94,18,163,58,42,187,82)(290,343,271,314,367,259,302,355,283,326,379,247)(7,161,59,31,185,83,19,149,71,43,173,95)(292,353,284,316,377,248,304,341,272,328,365,260)(8,150,60,32,174,84,20,162,72,44,186,96)(291,342,282,315,366,246,303,354,270,327,378,258)(9,54,138,33,78,102,21,66,126,45,90,114)(10,53,125,34,77,113,22,65,137,46,89,101)(11,68,127,35,92,115,23,56,139,47,80,103)(12,67,140,36,91,104,24,55,128,48,79,116)(13,144,157,37,108,181,1,132,145,25,120,169)(49,190,136,73,154,100,61,178,124,85,166,112)(50,177,123,74,165,111,62,189,135,86,153,99)(51,179,133,75,167,97,63,191,121,87,155,109)(52,192,122,76,156,110,64,180,134,88,168,98),
	(193,224,244,270,217,212,268,258,205,236,256,282,229,200,280,246)(293,215,343,264,317,239,367,288,305,203,355,252,329,227,379,276)(362,312,303,359,350,336,327,383,374,300,291,347,338,324,315,371)(237,377,286,295,201,341,250,319,225,365,274,307,213,353,262,331)(2,12,51,59,26,36,75,83,14,24,63,71,38,48,87,95)(194,234,243,284,218,198,267,248,206,222,255,272,230,210,279,260)(294,204,344,251,318,228,368,275,306,216,356,263,330,240,380,287)(364,299,301,348,352,323,325,372,376,311,289,360,340,335,313,384)(3,22,50,69,27,46,74,93,15,10,62,57,39,34,86,81)(195,223,242,269,219,211,266,257,207,235,254,281,231,199,278,245)(296,214,342,261,320,238,366,285,308,202,354,249,332,226,378,273)(361,310,304,357,349,334,328,381,373,298,292,345,337,322,316,369)(4,9,49,58,28,33,73,82,16,21,61,70,40,45,85,94)(196,233,241,283,220,197,265,247,208,221,253,271,232,209,277,259)(363,297,302,346,351,321,326,370,375,309,290,358,339,333,314,382)(5,183,55,98,29,147,79,122,17,171,67,110,41,159,91,134)(6,184,56,97,30,148,80,121,18,172,68,109,42,160,92,133)(7,169,53,112,31,157,77,136,19,181,65,100,43,145,89,124)(8,170,54,111,32,158,78,135,20,182,66,99,44,146,90,123)(11,64,60,37,35,88,84,1,23,52,72,25,47,76,96,13)(101,180,151,119,125,168,175,143,113,192,163,107,137,156,187,131)(102,191,152,108,126,155,176,132,114,179,164,120,138,167,188,144)(103,189,149,106,127,153,173,130,115,177,161,118,139,165,185,142)(104,178,150,117,128,166,174,141,116,190,162,105,140,154,186,129),
	(193,272,278,221,229,248,254,197,205,284,266,233,217,260,242,209)(293,263,378,213,329,275,354,225,305,251,366,201,317,287,342,237)(362,360,316,309,338,372,292,321,374,348,328,297,350,384,304,333)(2,60,85,10,38,96,61,46,14,72,73,22,26,84,49,34)(194,282,277,235,230,258,253,211,206,270,265,223,218,246,241,199)(294,252,377,202,330,288,353,238,306,264,365,214,318,276,341,226)(364,347,314,298,340,383,290,334,376,359,326,310,352,371,302,322)(239,307,261,368,215,319,273,344,227,295,249,380,203,331,285,356)(3,70,88,24,39,82,64,36,15,58,76,12,27,94,52,48)(195,271,280,222,231,247,256,198,207,283,268,234,219,259,244,210)(296,262,379,216,332,274,355,228,308,250,367,204,320,286,343,240)(361,358,315,311,337,370,291,323,373,346,327,299,349,382,303,335)(4,57,87,11,40,93,63,47,16,69,75,23,28,81,51,35)(196,281,279,236,232,257,255,212,208,269,267,224,220,245,243,200)(363,345,313,300,339,381,289,336,375,357,325,312,351,369,301,324)(5,99,92,181,41,135,68,157,17,111,80,169,29,123,56,145)(6,100,91,182,42,136,67,158,18,112,79,170,30,124,55,146)(7,109,90,171,43,121,66,147,19,97,78,183,31,133,54,159)(8,110,89,172,44,122,65,148,20,98,77,184,32,134,53,160)(9,25,95,50,45,1,71,86,21,37,83,62,33,13,59,74)(101,120,186,177,137,132,162,153,113,108,174,189,125,144,150,165)(102,107,185,190,138,143,161,166,114,119,173,178,126,131,149,154)(103,105,188,192,139,141,164,168,115,117,176,180,127,129,152,156)(104,118,187,179,140,130,163,155,116,106,175,191,128,142,151,167),
	(193,268,220,253,205,280,232,241)(293,237,319,202,305,225,331,214)(362,292,351,313,374,304,339,325)(2,140,27,102,14,128,39,114)(194,279,219,242,206,267,231,254)(294,227,320,216,306,239,332,204)(364,302,349,327,376,290,337,315)(3,138,26,104,15,126,38,116)(195,278,218,243,207,266,230,255)(296,228,318,215,308,240,330,203)(361,303,352,326,373,291,340,314)(4,125,25,115,16,137,37,103)(196,265,217,256,208,277,229,244)(295,238,317,201,307,226,329,213)(363,289,350,316,375,301,338,328)(5,158,31,183,17,146,43,171)(197,371,223,360,209,383,235,348)(370,234,357,200,382,222,345,212)(6,145,32,172,18,157,44,184)(198,381,224,346,210,369,236,358)(372,221,359,211,384,233,347,199)(7,159,29,182,19,147,41,170)(8,148,30,169,20,160,42,181)(9,60,34,83,21,72,46,95)(297,282,322,248,309,270,334,260)(366,252,356,275,378,264,344,287)(10,59,33,84,22,71,45,96)(298,284,321,246,310,272,333,258)(368,251,354,276,380,263,342,288)(11,70,36,93,23,58,48,81)(300,271,323,257,312,283,335,245)(365,262,355,285,377,250,343,273)(12,69,35,94,24,57,47,82)(299,269,324,259,311,281,336,247)(367,261,353,286,379,249,341,274)(13,139,40,101,1,127,28,113)(49,185,76,151,61,173,88,163)(50,174,75,164,62,186,87,152)(51,176,74,162,63,188,86,150)(52,187,73,149,64,175,85,161)(53,123,79,110,65,135,91,98)(54,136,80,97,66,124,92,109)(55,122,77,111,67,134,89,99)(56,133,78,100,68,121,90,112)(105,177,130,166,117,189,142,154)(106,178,129,165,118,190,141,153)(107,191,132,156,119,179,144,168)(108,192,131,155,120,180,143,167),
	(193,374,243,289,217,338,267,313,205,362,255,301,229,350,279,325)(293,324,344,370,317,312,368,358,305,336,356,382,329,300,380,346)(237,282,288,197,201,246,252,221,225,270,276,209,213,258,264,233)(2,77,52,18,26,65,76,42,14,89,64,6,38,53,88,30)(194,361,244,302,218,349,268,326,206,373,256,290,230,337,280,314)(294,334,343,384,318,298,367,348,306,322,355,372,330,310,379,360)(364,241,303,219,352,265,327,207,376,253,291,231,340,277,315,195)(239,269,286,210,203,257,250,234,227,281,274,198,215,245,262,222)(3,79,49,20,27,67,73,44,15,91,61,8,39,55,85,32)(296,333,341,383,320,297,365,347,308,321,353,371,332,309,377,359)(240,271,285,212,204,259,249,236,228,283,273,200,216,247,261,224)(4,92,50,7,28,56,74,31,16,80,62,19,40,68,86,43)(196,375,242,292,220,339,266,316,208,363,254,304,232,351,278,328)(295,323,342,369,319,311,366,357,307,335,354,381,331,299,378,345)(238,284,287,199,202,248,251,223,226,272,275,211,214,260,263,235)(5,25,54,75,29,13,78,63,17,37,66,87,41,1,90,51)(9,165,60,143,33,189,84,107,21,153,72,131,45,177,96,119)(10,166,59,144,34,190,83,108,22,154,71,132,46,178,95,120)(11,155,58,129,35,179,82,117,23,167,70,141,47,191,94,105)(12,156,57,130,36,180,81,118,24,168,69,142,48,192,93,106)(97,149,146,128,121,173,170,116,109,161,158,140,133,185,182,104)(98,162,145,139,122,186,169,103,110,150,157,127,134,174,181,115)(99,164,148,137,123,188,172,101,111,152,160,125,135,176,184,113)(100,151,147,126,124,175,171,114,112,163,159,138,136,187,183,102),
	(193,209,242,260,217,233,266,284,205,197,254,248,229,221,278,272)(293,237,342,287,317,201,366,251,305,225,354,275,329,213,378,263)(362,333,304,384,350,297,328,348,374,321,292,372,338,309,316,360)(2,34,49,84,26,22,73,72,14,46,61,96,38,10,85,60)(194,199,241,246,218,223,265,270,206,211,253,258,230,235,277,282)(294,226,341,276,318,214,365,264,306,238,353,288,330,202,377,252)(364,322,302,371,352,310,326,359,376,334,290,383,340,298,314,347)(239,356,285,331,203,380,249,295,227,344,273,319,215,368,261,307)(3,48,52,94,27,12,76,58,15,36,64,82,39,24,88,70)(195,210,244,259,219,234,268,283,207,198,256,247,231,222,280,271)(296,240,343,286,320,204,367,250,308,228,355,274,332,216,379,262)(361,335,303,382,349,299,327,346,373,323,291,370,337,311,315,358)(4,35,51,81,28,23,75,69,16,47,63,93,40,11,87,57)(196,200,243,245,220,224,267,269,208,212,255,257,232,236,279,281)(363,324,301,369,351,312,325,357,375,336,289,381,339,300,313,345)(5,145,56,123,29,169,80,111,17,157,68,135,41,181,92,99)(6,146,55,124,30,170,79,112,18,158,67,136,42,182,91,100)(7,159,54,133,31,183,78,97,19,147,66,121,43,171,90,109)(8,160,53,134,32,184,77,98,20,148,65,122,44,172,89,110)(9,74,59,13,33,62,83,37,21,86,71,1,45,50,95,25)(101,165,150,144,125,189,174,108,113,153,162,132,137,177,186,120)(102,154,149,131,126,178,173,119,114,166,161,143,138,190,185,107)(103,156,152,129,127,180,176,117,115,168,164,141,139,192,188,105)(104,167,151,142,128,191,175,106,116,155,163,130,140,179,187,118),
	(193,277,229,253,205,265,217,241)(293,377,329,353,305,365,317,341)(362,314,338,290,374,326,350,302)(237,261,213,273,225,249,201,285)(2,86,38,62,14,74,26,50)(194,278,230,254,206,266,218,242)(294,378,330,354,306,366,318,342)(364,316,340,292,376,328,352,304)(239,263,215,275,227,251,203,287)(3,87,39,63,15,75,27,51)(195,279,231,255,207,267,219,243)(296,380,332,356,308,368,320,344)(361,313,337,289,373,325,349,301)(240,264,216,276,228,252,204,288)(4,88,40,64,16,76,28,52)(196,280,232,256,208,268,220,244)(295,379,331,355,307,367,319,343)(363,315,339,291,375,327,351,303)(238,262,214,274,226,250,202,286)(5,89,41,65,17,77,29,53)(197,281,233,257,209,269,221,245)(370,322,346,298,382,334,358,310)(6,90,42,66,18,78,30,54)(198,282,234,258,210,270,222,246)(372,324,348,300,384,336,360,312)(7,91,43,67,19,79,31,55)(199,283,235,259,211,271,223,247)(369,321,345,297,381,333,357,309)(8,92,44,68,20,80,32,56)(200,284,236,260,212,272,224,248)(371,323,347,299,383,335,359,311)(9,93,45,69,21,81,33,57)(10,94,46,70,22,82,34,58)(11,95,47,71,23,83,35,59)(12,96,48,72,24,84,36,60)(13,73,25,49,1,85,37,61)(97,181,133,157,109,169,121,145)(98,182,134,158,110,170,122,146)(99,183,135,159,111,171,123,147)(100,184,136,160,112,172,124,148)(101,185,137,161,113,173,125,149)(102,186,138,162,114,174,126,150)(103,187,139,163,115,175,127,151)(104,188,140,164,116,176,128,152)(105,189,141,165,117,177,129,153)(106,190,142,166,118,178,130,154)(107,191,143,167,119,179,131,155)(108,192,144,168,120,180,132,156),
	(193,260,317,217,284,305,205,248,329,229,272,293)(362,324,287,350,312,251,374,336,275,338,300,263)(237,303,384,201,327,348,225,291,372,213,315,360)(2,100,96,26,124,60,14,112,84,38,136,72)(194,247,319,218,271,307,206,259,331,230,283,295)(294,207,258,318,231,282,306,195,246,330,219,270)(364,334,288,352,298,252,376,322,276,340,310,264)(239,292,383,203,316,347,227,304,371,215,328,359)(3,98,81,27,122,69,15,110,93,39,134,57)(296,208,245,320,232,269,308,196,257,332,220,281)(361,335,273,349,299,261,373,323,285,337,311,249)(240,290,369,204,314,357,228,302,381,216,326,345)(4,109,82,28,133,70,16,97,94,40,121,58)(363,321,274,351,309,262,375,333,286,339,297,250)(238,301,370,202,325,358,226,289,382,214,313,346)(5,190,101,29,154,125,17,178,113,41,166,137)(197,355,241,221,379,265,209,343,253,233,367,277)(6,177,114,30,165,138,18,189,102,42,153,126)(198,341,254,222,365,278,210,353,242,234,377,266)(7,191,116,31,155,140,19,179,104,43,167,128)(199,356,255,223,380,279,211,344,243,235,368,267)(8,180,103,32,168,127,20,192,115,44,156,139)(200,342,244,224,366,268,212,354,256,236,378,280)(9,76,171,33,64,159,21,88,183,45,52,147)(10,75,184,34,63,148,22,87,172,46,51,160)(11,86,170,35,50,158,23,74,182,47,62,146)(12,85,181,36,49,145,24,73,169,48,61,157)(13,99,83,37,123,71,1,111,95,25,135,59)(53,119,163,77,143,187,65,107,151,89,131,175)(54,108,152,78,132,176,66,120,164,90,144,188)(55,118,150,79,142,174,67,106,162,91,130,186)(56,105,161,80,129,185,68,117,149,92,141,173),
	(193,365,312,229,341,324,205,377,300,217,353,336)(293,357,279,329,369,255,305,345,267,317,381,243)(362,237,246,338,213,282,374,225,258,350,201,270)(2,154,53,38,190,89,14,166,65,26,178,77)(194,379,310,230,355,322,206,367,298,218,343,334)(294,346,277,330,382,253,306,358,265,318,370,241)(364,226,245,340,202,281,376,238,257,352,214,269)(239,260,337,215,272,373,227,248,349,203,284,361)(3,168,68,39,180,80,15,156,56,27,192,92)(195,366,299,231,342,335,207,378,311,219,354,323)(296,360,266,332,372,242,308,348,278,320,384,254)(240,247,351,216,283,363,228,259,339,204,271,375)(4,155,67,40,191,79,16,167,55,28,179,91)(196,380,297,232,356,333,208,368,309,220,344,321)(295,347,268,331,383,244,307,359,280,319,371,256)(5,49,132,41,85,108,17,61,144,29,73,120)(197,302,275,233,314,251,209,290,287,221,326,263)(289,285,235,325,261,211,301,273,223,313,249,199)(6,50,143,42,86,119,18,62,131,30,74,107)(198,304,288,234,316,264,210,292,276,222,328,252)(7,63,141,43,75,117,19,51,129,31,87,105)(8,64,130,44,76,106,20,52,142,32,88,118)(200,291,274,236,327,250,212,303,286,224,315,262)(9,122,164,45,98,176,21,134,152,33,110,188)(10,133,151,46,109,187,22,121,163,34,97,175)(11,135,161,47,111,173,23,123,149,35,99,185)(12,124,150,48,100,186,24,136,162,36,112,174)(13,153,66,25,189,78,1,165,54,37,177,90)(57,184,125,93,160,101,69,172,137,81,148,113)(58,171,138,94,147,114,70,183,126,82,159,102)(59,169,128,95,145,104,71,181,140,83,157,116)(60,182,139,96,158,115,72,170,127,84,146,103),
	(193,274,256,201,217,262,280,225,205,286,244,213,229,250,268,237)(293,349,355,316,317,373,379,304,305,337,343,328,329,361,367,292)(362,377,291,307,350,341,315,331,374,365,303,295,338,353,327,319)(2,186,63,116,26,150,87,140,14,174,51,104,38,162,75,128)(194,276,255,203,218,264,279,227,206,288,243,215,230,252,267,239)(294,351,356,314,318,375,380,302,306,339,344,326,330,363,368,290)(364,378,289,308,352,342,313,332,376,366,301,296,340,354,325,320)(3,175,62,101,27,163,86,125,15,187,50,113,39,151,74,137)(195,285,254,214,219,249,278,238,207,273,242,202,231,261,266,226)(240,208,275,241,204,232,263,265,228,196,287,253,216,220,251,277)(4,176,61,102,28,164,85,126,16,188,49,114,40,152,73,138)(5,58,67,45,29,82,91,9,17,70,55,33,41,94,79,21)(197,346,259,333,221,370,283,297,209,358,247,321,233,382,271,309)(6,69,68,34,30,93,92,22,18,57,56,46,42,81,80,10)(198,357,260,322,222,381,284,310,210,345,248,334,234,369,272,298)(372,269,299,199,360,257,323,223,384,281,311,211,348,245,335,235)(7,71,65,36,31,95,89,24,19,59,53,48,43,83,77,12)(8,60,66,47,32,84,90,11,20,72,54,35,44,96,78,23)(200,347,258,336,224,371,282,300,212,359,246,324,236,383,270,312)(13,173,52,103,37,161,76,127,1,185,64,115,25,149,88,139)(97,143,160,180,121,107,184,168,109,131,148,192,133,119,172,156)(98,132,159,191,122,120,183,155,110,144,147,179,134,108,171,167)(99,142,158,177,123,106,182,165,111,130,146,189,135,118,170,153)(100,129,157,190,124,117,181,154,112,141,145,178,136,105,169,166),
	(193,214,267,287,229,226,243,263,205,202,279,275,217,238,255,251)(293,325,368,338,329,301,344,374,305,313,380,350,317,289,356,362)(237,241,252,207,213,277,288,219,225,253,264,195,201,265,276,231)(2,102,76,175,38,138,52,151,14,114,88,187,26,126,64,163)(194,216,268,285,230,228,244,261,206,204,280,273,218,240,256,249)(294,327,367,340,330,303,343,376,306,315,379,352,318,291,355,364)(239,242,250,208,215,278,286,220,227,254,262,196,203,266,274,232)(3,115,73,186,39,127,49,162,15,103,85,174,27,139,61,150)(296,316,365,351,332,292,341,363,308,328,377,339,320,304,353,375)(361,307,326,378,337,319,302,354,373,295,314,366,349,331,290,342)(4,116,74,185,40,128,50,161,16,104,86,173,28,140,62,149)(5,34,78,71,41,10,54,83,17,46,90,59,29,22,66,95)(197,322,270,360,233,298,246,372,209,334,282,348,221,310,258,384)(370,199,336,272,346,235,312,248,382,211,324,284,358,223,300,260)(6,45,77,60,42,21,53,96,18,33,89,72,30,9,65,84)(198,333,269,347,234,309,245,383,210,321,281,359,222,297,257,371)(7,47,80,58,43,23,56,94,19,35,92,70,31,11,68,82)(369,212,335,283,345,224,311,259,381,200,323,271,357,236,299,247)(8,36,79,69,44,12,55,81,20,48,91,57,32,24,67,93)(13,113,87,188,25,125,63,164,1,101,75,176,37,137,51,152)(97,191,170,129,133,167,146,105,109,179,182,141,121,155,158,117)(98,180,169,142,134,156,145,118,110,192,181,130,122,168,157,106)(99,190,172,132,135,166,148,108,111,178,184,144,123,154,160,120)(100,177,171,143,136,153,147,119,112,189,183,131,124,165,159,107),
	(193,273,371,217,261,359,205,285,383,229,249,347)(293,234,350,317,198,374,305,222,338,329,210,362)(237,321,244,201,309,268,225,333,256,213,297,280)(2,142,145,26,106,169,14,130,157,38,118,181)(194,286,381,218,250,345,206,274,369,230,262,357)(294,224,337,318,212,361,306,236,349,330,200,373)(364,307,221,352,331,209,376,295,233,340,319,197)(239,334,254,203,298,278,227,322,242,215,310,266)(3,144,159,27,108,183,15,132,147,39,120,171)(195,287,372,219,251,360,207,275,384,231,263,348)(296,223,351,320,211,375,308,235,339,332,199,363)(240,336,241,204,300,265,228,324,253,216,312,277)(4,131,148,28,119,172,16,143,160,40,107,184)(196,276,382,220,264,346,208,288,370,232,252,358)(238,323,255,202,311,279,226,335,243,214,299,267)(5,163,60,29,187,84,17,151,72,41,175,96)(289,355,282,313,379,246,301,343,270,325,367,258)(6,152,59,30,176,83,18,164,71,42,188,95)(290,344,284,314,368,248,302,356,272,326,380,260)(7,162,70,31,186,94,19,150,58,43,174,82)(292,354,271,316,378,259,304,342,283,328,366,247)(8,149,69,32,173,93,20,161,57,44,185,81)(291,341,269,315,365,257,303,353,281,327,377,245)(9,55,127,33,79,115,21,67,139,45,91,103)(10,56,140,34,80,104,22,68,128,46,92,116)(11,65,138,35,89,102,23,53,126,47,77,114)(12,66,125,36,90,113,24,54,137,48,78,101)(13,141,146,37,105,170,1,129,158,25,117,182)(49,191,123,73,155,111,61,179,135,85,167,99)(50,180,136,74,168,100,62,192,124,86,156,112)(51,178,122,75,166,110,63,190,134,87,154,98)(52,189,133,76,153,97,64,177,121,88,165,109),
	(193,342,245,255,331,234,217,366,269,279,295,198,205,354,257,243,319,222,229,378,281,267,307,210)(293,209,206,356,246,244,317,233,230,380,270,268,305,197,194,344,258,256,329,221,218,368,282,280)(362,237,333,289,276,371,350,201,297,313,264,359,374,225,321,301,288,383,338,213,309,325,252,347)(2,46,110,64,83,145,26,10,134,88,71,169,14,34,98,52,95,157,38,22,122,76,59,181)(294,211,196,355,248,254,318,235,220,379,272,278,306,199,208,343,260,242,330,223,232,367,284,266)(364,238,323,291,275,381,352,202,311,315,263,345,376,226,335,303,287,369,340,214,299,327,251,357)(239,334,302,274,372,337,203,298,326,262,360,361,227,322,290,286,384,349,215,310,314,250,348,373)(3,35,112,61,94,147,27,23,136,85,58,171,15,47,100,49,82,159,39,11,124,73,70,183)(195,353,259,253,320,224,219,377,283,277,308,212,207,341,247,241,332,236,231,365,271,265,296,200)(240,324,304,273,382,339,204,312,328,261,346,363,228,336,292,285,370,351,216,300,316,249,358,375)(4,36,99,62,93,160,28,24,123,86,57,184,16,48,111,50,81,148,40,12,135,74,69,172)(5,186,179,66,115,105,29,150,167,90,139,129,17,174,191,54,103,117,41,162,155,78,127,141)(6,173,192,65,104,118,30,161,156,89,128,142,18,185,180,53,116,106,42,149,168,77,140,130)(7,175,178,68,102,108,31,163,166,92,126,132,19,187,190,56,114,120,43,151,154,80,138,144)(8,188,189,67,113,119,32,152,153,91,137,143,20,176,177,55,101,107,44,164,165,79,125,131)(9,121,87,72,182,13,33,109,51,96,146,37,21,133,75,60,170,1,45,97,63,84,158,25),
