[
	(149,86,203,110,1,133,37)(156,64,181,88,8,140,44)(62,179,115,6,138,42,154)(116,7,139,43,155,63,180)(172,80,197,104,24,127,31)(61,178,114,5,137,41,153)(125,58,170,78,195,102,22)(99,19,122,55,167,75,192)(175,111,2,134,38,150,87)(30,171,79,196,103,23,126)(165,73,190,97,17,120,53)(77,194,101,21,124,57,169)(82,199,106,26,129,33,174)(159,67,184,91,11,143,47)(81,198,105,25,128,32,173)(119,52,164,72,189,96,16)(94,14,117,50,162,70,187)(200,107,27,130,34,146,83)(3,135,39,151,59,176,112)(152,60,177,113,4,136,40)(68,185,92,12,144,48,160)(142,46,158,66,183,90,10)(89,9,141,45,157,65,182)(168,76,193,100,20,123,56)(84,201,108,28,131,35,147)(145,49,161,69,186,93,13)(188,95,15,118,51,163,71)(36,148,85,202,109,29,132)(98,18,121,54,166,74,191),
	(149,37,133,1,110,203,86)(156,44,140,8,88,181,64)(62,154,42,138,6,115,179)(116,180,63,155,43,139,7)(172,31,127,24,104,197,80)(61,153,41,137,5,114,178)(125,22,102,195,78,170,58)(99,192,75,167,55,122,19)(175,87,150,38,134,2,111)(30,126,23,103,196,79,171)(165,53,120,17,97,190,73)(77,169,57,124,21,101,194)(82,174,33,129,26,106,199)(159,47,143,11,91,184,67)(81,173,32,128,25,105,198)(119,16,96,189,72,164,52)(94,187,70,162,50,117,14)(200,83,146,34,130,27,107)(3,112,176,59,151,39,135)(152,40,136,4,113,177,60)(68,160,48,144,12,92,185)(142,10,90,183,66,158,46)(89,182,65,157,45,141,9)(168,56,123,20,100,193,76)(84,147,35,131,28,108,201)(145,13,93,186,69,161,49)(188,71,163,51,118,15,95)(36,132,29,109,202,85,148)(98,191,74,166,54,121,18),
	(149,156,163,170,148,155,162,169,147,154,161,168,146,153,160,167,174,152,159,166,173,151,158,165,172,150,157,164,171)(86,73,60,76,63,79,66,82,69,85,72,59,75,62,78,65,81,68,84,71,87,74,61,77,64,80,67,83,70)(116,112,108,104,100,96,92,88,113,109,105,101,97,93,89,114,110,106,102,98,94,90,115,111,107,103,99,95,91)(140,141,142,143,144,145,117,118,119,120,121,122,123,124,125,126,127,128,129,130,131,132,133,134,135,136,137,138,139)(175,195,186,177,197,188,179,199,190,181,201,192,183,203,194,185,176,196,187,178,198,189,180,200,191,182,202,193,184)(30,53,47,41,35,58,52,46,40,34,57,51,45,39,33,56,50,44,38,32,55,49,43,37,31,54,48,42,36)(2,26,21,16,11,6,1,25,20,15,10,5,29,24,19,14,9,4,28,23,18,13,8,3,27,22,17,12,7),
	(149,171,164,157,150,172,165,158,151,173,166,159,152,174,167,160,153,146,168,161,154,147,169,162,155,148,170,163,156)(86,70,83,67,80,64,77,61,74,87,71,84,68,81,65,78,62,75,59,72,85,69,82,66,79,63,76,60,73)(116,91,95,99,103,107,111,115,90,94,98,102,106,110,114,89,93,97,101,105,109,113,88,92,96,100,104,108,112)(140,139,138,137,136,135,134,133,132,131,130,129,128,127,126,125,124,123,122,121,120,119,118,117,145,144,143,142,141)(175,184,193,202,182,191,200,180,189,198,178,187,196,176,185,194,203,183,192,201,181,190,199,179,188,197,177,186,195)(30,36,42,48,54,31,37,43,49,55,32,38,44,50,56,33,39,45,51,57,34,40,46,52,58,35,41,47,53)(2,7,12,17,22,27,3,8,13,18,23,28,4,9,14,19,24,29,5,10,15,20,25,1,6,11,16,21,26),
	(149,26,60,131,188,52,116)(86,128,185,49,113,146,23)(156,4,67,138,195,30,94)(62,133,190,54,89,151,28)(140,197,32,96,158,6,69)(172,20,83,125,182,46,110)(61,132,189,53,88,150,27)(99,161,9,72,143,200,35)(175,39,103,165,13,76,118)(2,65,136,193,57,92,154)(77,119,176,40,104,166,14)(82,124,181,45,109,171,19)(111,173,21,84,126,183,47)(134,191,55,90,152,29,63)(159,7,70,141,198,33,97)(81,123,180,44,108,170,18)(3,66,137,194,58,93,155)(68,139,196,31,95,157,5)(73,144,201,36,100,162,10)(106,168,16,79,121,178,42)(142,199,34,98,160,8,71)(59,130,187,51,115,148,25)(101,163,11,74,145,202,37)(122,179,43,107,169,17,80)(192,56,91,153,1,64,135)(184,48,112,174,22,85,127)(50,114,147,24,87,129,186)(164,12,75,117,203,38,102)(78,120,177,41,105,167,15),
	(149,116,52,188,131,60,26)(86,23,146,113,49,185,128)(156,94,30,195,138,67,4)(62,28,151,89,54,190,133)(140,69,6,158,96,32,197)(172,110,46,182,125,83,20)(61,27,150,88,53,189,132)(99,35,200,143,72,9,161)(175,118,76,13,165,103,39)(2,154,92,57,193,136,65)(77,14,166,104,40,176,119)(82,19,171,109,45,181,124)(111,47,183,126,84,21,173)(134,63,29,152,90,55,191)(159,97,33,198,141,70,7)(81,18,170,108,44,180,123)(3,155,93,58,194,137,66)(68,5,157,95,31,196,139)(73,10,162,100,36,201,144)(106,42,178,121,79,16,168)(142,71,8,160,98,34,199)(59,25,148,115,51,187,130)(101,37,202,145,74,11,163)(122,80,17,169,107,43,179)(192,135,64,1,153,91,56)(184,127,85,22,174,112,48)(50,186,129,87,24,147,114)(164,102,38,203,117,75,12)(78,15,167,105,41,177,120),
	(149,203,1,37,86,110,133)(156,181,8,44,64,88,140)(62,115,138,154,179,6,42)(116,139,155,180,7,43,63)(172,197,24,31,80,104,127)(61,114,137,153,178,5,41)(125,170,195,22,58,78,102)(99,122,167,192,19,55,75)(175,2,38,87,111,134,150)(30,79,103,126,171,196,23)(165,190,17,53,73,97,120)(77,101,124,169,194,21,57)(82,106,129,174,199,26,33)(159,184,11,47,67,91,143)(81,105,128,173,198,25,32)(119,164,189,16,52,72,96)(94,117,162,187,14,50,70)(200,27,34,83,107,130,146)(3,39,59,112,135,151,176)(152,177,4,40,60,113,136)(68,92,144,160,185,12,48)(142,158,183,10,46,66,90)(89,141,157,182,9,45,65)(168,193,20,56,76,100,123)(84,108,131,147,201,28,35)(145,161,186,13,49,69,93)(188,15,51,71,95,118,163)(36,85,109,132,148,202,29)(98,121,166,191,18,54,74),
	(149,73,181,113,28,132,30)(86,194,97,12,145,43,162)(156,80,188,91,6,139,37)(62,199,102,17,121,48,167)(116,2,135,33,152,76,184)(140,38,157,81,189,92,7)(172,67,175,107,22,126,53)(61,198,101,16,120,47,166)(125,52,171,66,203,106,21)(99,14,118,45,164,59,196)(165,60,197,100,15,119,46)(77,185,88,3,136,34,153)(82,190,93,8,141,39,158)(111,26,130,57,147,71,179)(134,32,151,75,183,115,1)(159,83,191,94,9,142,40)(200,103,18,122,49,168,63)(68,176,108,23,127,54,173)(128,55,174,69,177,109,24)(146,70,178,110,25,129,56)(72,180,112,27,131,58,148)(89,4,137,35,154,78,186)(44,163,87,195,98,13,117)(192,95,10,143,41,160,84)(5,138,36,155,79,187,90)(96,11,144,42,161,85,193)(124,51,170,65,202,105,20)(133,31,150,74,182,114,29)(50,169,64,201,104,19,123),
	(149,70,196,107,3,134,44)(86,183,94,19,121,31,165)(156,77,203,114,10,141,51)(62,188,99,24,126,36,170)(116,12,143,53,158,79,176)(140,50,155,76,202,113,9)(172,64,190,101,26,128,38)(61,187,98,23,125,35,169)(175,115,11,142,52,157,78)(30,164,85,182,93,18,120)(2,133,43,148,69,195,106)(82,179,90,15,117,56,161)(111,7,138,48,153,74,200)(159,80,177,88,13,144,54)(81,178,89,14,145,55,160)(119,58,163,84,181,92,17)(152,73,199,110,6,137,47)(68,194,105,1,132,42,147)(146,67,193,104,29,131,41)(72,198,109,5,136,46,151)(4,135,45,150,71,197,108)(168,60,186,97,22,124,34)(59,185,96,21,123,33,167)(122,32,166,87,184,95,20)(162,83,180,91,16,118,57)(192,103,28,130,40,174,66)(171,63,189,100,25,127,37)(139,49,154,75,201,112,8)(65,191,102,27,129,39,173),
	(149,128,96,79,31,20,180)(86,38,27,187,156,135,103)(62,43,3,192,161,140,108)(116,70,51,11,200,169,119)(172,122,90,73,54,14,203)(61,42,2,191,160,139,107)(125,93,76,57,17,177,146)(99,82,34,23,183,152,131)(175,173,123,91,74,55,15)(30,19,179,148,127,95,78)(165,144,112,66,47,7,196)(77,58,18,178,147,126,94)(111,65,46,6,195,164,143)(134,102,85,37,26,186,155)(159,138,106,60,41,1,190)(81,33,22,182,151,130,98)(68,49,9,198,167,117,114)(72,53,13,202,171,121,89)(142,110,64,45,5,194,163)(44,4,193,162,141,109,63)(168,118,115,69,50,10,199)(59,40,29,189,158,137,105)(101,84,36,25,185,154,133)(136,104,87,39,28,188,157)(113,67,48,8,197,166,145)(83,35,24,184,153,132,100)(124,92,75,56,16,176,174)(88,71,52,12,201,170,120)(97,80,32,21,181,150,129),
	(149,23,84,144,184,56,106)(86,117,186,58,108,151,25)(156,1,62,122,191,34,113)(116,159,4,65,125,194,37)(140,180,52,102,174,19,80)(172,17,78,138,178,50,100)(61,121,190,33,112,155,29)(99,171,16,77,137,177,49)(175,47,97,169,14,75,135)(30,109,152,26,87,118,187)(2,63,123,192,35,114,157)(165,10,71,131,200,43,93)(82,142,182,54,104,147,21)(111,154,28,60,120,189,32)(134,203,46,96,168,13,74)(81,141,181,53,103,146,20)(119,188,31,110,153,27,59)(94,166,11,72,132,201,44)(3,64,124,193,36,115,158)(68,128,197,40,90,162,7)(73,133,202,45,95,167,12)(89,161,6,67,127,196,39)(101,173,18,79,139,179,51)(136,176,48,98,170,15,76)(5,66,126,195,38,88,160)(145,185,57,107,150,24,85)(83,143,183,55,105,148,22)(130,199,42,92,164,9,70)(91,163,8,69,129,198,41),
	(149,133,110,86,37,1,203)(156,140,88,64,44,8,181)(62,42,6,179,154,138,115)(116,63,43,7,180,155,139)(172,127,104,80,31,24,197)(61,41,5,178,153,137,114)(125,102,78,58,22,195,170)(99,75,55,19,192,167,122)(175,150,134,111,87,38,2)(30,23,196,171,126,103,79)(165,120,97,73,53,17,190)(77,57,21,194,169,124,101)(82,33,26,199,174,129,106)(159,143,91,67,47,11,184)(81,32,25,198,173,128,105)(119,96,72,52,16,189,164)(94,70,50,14,187,162,117)(200,146,130,107,83,34,27)(3,176,151,135,112,59,39)(152,136,113,60,40,4,177)(68,48,12,185,160,144,92)(142,90,66,46,10,183,158)(89,65,45,9,182,157,141)(168,123,100,76,56,20,193)(84,35,28,201,147,131,108)(145,93,69,49,13,186,161)(188,163,118,95,71,51,15)(36,29,202,148,132,109,85)(98,74,54,18,191,166,121),
	(149,31,128,20,96,180,79)(86,156,38,135,27,103,187)(62,161,43,140,3,108,192)(116,200,70,169,51,119,11)(172,54,122,14,90,203,73)(61,160,42,139,2,107,191)(125,17,93,177,76,146,57)(99,183,82,152,34,131,23)(175,74,173,55,123,15,91)(30,127,19,95,179,78,148)(165,47,144,7,112,196,66)(77,147,58,126,18,94,178)(111,195,65,164,46,143,6)(134,26,102,186,85,155,37)(159,41,138,1,106,190,60)(81,151,33,130,22,98,182)(68,167,49,117,9,114,198)(72,171,53,121,13,89,202)(142,5,110,194,64,163,45)(44,141,4,109,193,63,162)(168,50,118,10,115,199,69)(59,158,40,137,29,105,189)(101,185,84,154,36,133,25)(136,28,104,188,87,157,39)(113,197,67,166,48,145,8)(83,153,35,132,24,100,184)(124,16,92,176,75,174,56)(88,201,71,170,52,120,12)(97,181,80,150,32,129,21),
	(149,43,138,11,95,197,64)(86,171,36,131,4,88,190)(156,50,145,18,102,175,71)(62,147,41,136,9,93,195)(116,189,85,170,35,130,3)(140,13,97,199,66,151,45)(172,37,132,5,89,191,87)(61,146,40,135,8,92,194)(125,27,111,184,80,165,30)(99,201,68,153,47,142,15)(2,115,188,84,169,34,129)(77,162,56,122,24,108,181)(82,167,32,127,29,113,186)(134,7,91,193,60,174,39)(159,53,119,21,105,178,74)(81,166,31,126,28,112,185)(94,196,63,148,42,137,10)(200,67,152,46,141,14,98)(73,158,52,118,20,104,177)(106,179,75,160,54,120,22)(128,1,114,187,83,168,33)(72,157,51,117,19,103,176)(44,139,12,96,198,65,150)(59,173,38,133,6,90,192)(101,203,70,155,49,144,17)(124,26,110,183,79,164,58)(180,76,161,55,121,23,107)(57,123,25,109,182,78,163)(69,154,48,143,16,100,202),
	(149,101,58,182,136,67,7)(86,26,168,91,48,201,126)(156,108,36,189,143,74,14)(62,2,173,96,53,177,131)(116,44,197,122,82,22,164)(140,71,11,153,105,33,186)(172,95,52,176,130,61,1)(125,85,25,167,90,47,200)(99,56,180,134,65,5,147)(175,129,60,29,171,94,51)(30,183,137,68,8,150,102)(165,88,45,198,123,83,23)(77,17,159,111,39,192,117)(81,21,163,115,43,196,121)(119,79,19,161,113,41,194)(3,174,97,54,178,132,63)(152,104,32,185,139,70,10)(73,13,155,107,35,188,142)(106,34,187,141,72,12,154)(128,59,28,170,93,50,203)(146,98,55,179,133,64,4)(89,46,199,124,84,24,166)(162,114,42,195,120,80,20)(145,76,16,158,110,38,191)(6,148,100,57,181,135,66)(103,31,184,138,69,9,151)(118,78,18,160,112,40,193)(87,27,169,92,49,202,127)(109,37,190,144,75,15,157),
	(149,202,22,38,63,93,129)(86,116,123,172,196,16,32)(156,180,29,45,70,100,136)(62,92,128,148,201,21,37)(140,160,184,4,49,74,104)(61,91,127,147,200,20,36)(125,174,198,18,34,59,89)(99,135,155,179,28,44,69)(175,24,40,65,95,131,151)(30,84,114,121,170,194,14)(2,47,72,102,138,158,182)(165,189,9,54,79,109,145)(77,107,143,163,187,7,52)(82,112,119,168,192,12,57)(111,118,167,191,11,56,81)(134,154,178,27,43,68,98)(159,183,3,48,73,103,139)(94,130,150,203,23,39,64)(152,176,25,41,66,96,132)(106,142,162,186,6,51,76)(146,199,19,35,60,90,126)(101,137,157,181,1,46,71)(122,171,195,15,31,85,115)(113,120,169,193,13,58,83)(5,50,75,105,141,161,185)(108,144,164,188,8,53,78)(124,173,197,17,33,87,88)(133,153,177,26,42,67,97)(10,55,80,110,117,166,190),
	(149,64,197,95,11,138,43)(86,190,88,4,131,36,171)(156,71,175,102,18,145,50)(62,195,93,9,136,41,147)(116,3,130,35,170,85,189)(140,45,151,66,199,97,13)(172,87,191,89,5,132,37)(61,194,92,8,135,40,146)(125,30,165,80,184,111,27)(99,15,142,47,153,68,201)(2,129,34,169,84,188,115)(77,181,108,24,122,56,162)(82,186,113,29,127,32,167)(134,39,174,60,193,91,7)(159,74,178,105,21,119,53)(81,185,112,28,126,31,166)(94,10,137,42,148,63,196)(200,98,14,141,46,152,67)(73,177,104,20,118,52,158)(106,22,120,54,160,75,179)(128,33,168,83,187,114,1)(72,176,103,19,117,51,157)(44,150,65,198,96,12,139)(59,192,90,6,133,38,173)(101,17,144,49,155,70,203)(124,58,164,79,183,110,26)(180,107,23,121,55,161,76)(57,163,78,182,109,25,123)(69,202,100,16,143,48,154),
	(149,44,134,3,107,196,70)(86,165,31,121,19,94,183)(156,51,141,10,114,203,77)(62,170,36,126,24,99,188)(116,176,79,158,53,143,12)(140,9,113,202,76,155,50)(172,38,128,26,101,190,64)(61,169,35,125,23,98,187)(175,78,157,52,142,11,115)(30,120,18,93,182,85,164)(2,106,195,69,148,43,133)(82,161,56,117,15,90,179)(111,200,74,153,48,138,7)(159,54,144,13,88,177,80)(81,160,55,145,14,89,178)(119,17,92,181,84,163,58)(152,47,137,6,110,199,73)(68,147,42,132,1,105,194)(146,41,131,29,104,193,67)(72,151,46,136,5,109,198)(4,108,197,71,150,45,135)(168,34,124,22,97,186,60)(59,167,33,123,21,96,185)(122,20,95,184,87,166,32)(162,57,118,16,91,180,83)(192,66,174,40,130,28,103)(171,37,127,25,100,189,63)(139,8,112,201,75,154,49)(65,173,39,129,27,102,191),
	(149,163,148,162,147,161,146,160,174,159,173,158,172,157,171,156,170,155,169,154,168,153,167,152,166,151,165,150,164)(86,60,63,66,69,72,75,78,81,84,87,61,64,67,70,73,76,79,82,85,59,62,65,68,71,74,77,80,83)(116,108,100,92,113,105,97,89,110,102,94,115,107,99,91,112,104,96,88,109,101,93,114,106,98,90,111,103,95)(140,142,144,117,119,121,123,125,127,129,131,133,135,137,139,141,143,145,118,120,122,124,126,128,130,132,134,136,138)(175,186,197,179,190,201,183,194,176,187,198,180,191,202,184,195,177,188,199,181,192,203,185,196,178,189,200,182,193)(30,47,35,52,40,57,45,33,50,38,55,43,31,48,36,53,41,58,46,34,51,39,56,44,32,49,37,54,42)(2,21,11,1,20,10,29,19,9,28,18,8,27,17,7,26,16,6,25,15,5,24,14,4,23,13,3,22,12),
	(149,4,62,120,178,33,91)(86,144,202,57,115,173,28)(156,11,69,127,185,40,98)(116,174,29,87,145,203,58)(140,198,53,111,169,24,82)(172,27,85,143,201,56,114)(61,119,177,32,90,148,3)(125,183,38,96,154,9,67)(99,157,12,70,128,186,41)(175,30,88,146,1,59,117)(2,60,118,176,31,89,147)(165,20,78,136,194,49,107)(77,135,193,48,106,164,19)(134,192,47,105,163,18,76)(159,14,72,130,188,43,101)(81,139,197,52,110,168,23)(94,152,7,65,123,181,36)(200,55,113,171,26,84,142)(68,126,184,39,97,155,10)(73,131,189,44,102,160,15)(196,51,109,167,22,80,138)(122,180,35,93,151,6,64)(162,17,75,133,191,46,104)(5,63,121,179,34,92,150)(83,141,199,54,112,170,25)(108,166,21,79,137,195,50)(124,182,37,95,153,8,66)(103,161,16,74,132,190,45)(158,13,71,129,187,42,100),
	(149,94,55,185,119,78,2)(86,10,157,102,34,193,127)(156,101,33,192,126,85,9)(62,15,162,107,39,198,132)(116,48,178,141,71,24,171)(140,70,23,170,115,47,177)(172,88,49,179,142,72,25)(61,14,161,106,38,197,131)(125,84,8,155,100,32,191)(99,31,190,124,83,7,154)(175,138,68,21,168,113,45)(30,189,123,82,6,153,98)(165,110,42,201,135,65,18)(77,1,148,93,54,184,118)(111,43,202,136,66,19,166)(134,64,17,164,109,41,200)(159,104,36,195,129,59,12)(81,5,152,97,58,188,122)(3,150,95,56,186,120,79)(73,26,173,89,50,180,143)(128,87,11,158,103,35,194)(146,91,52,182,145,75,28)(196,130,60,13,160,105,37)(44,203,137,67,20,167,112)(4,151,96,57,187,121,80)(108,40,199,133,63,16,163)(139,69,22,169,114,46,176)(174,90,51,181,144,74,27)(76,29,147,92,53,183,117),
	(149,79,180,96,20,128,31)(86,187,103,27,135,38,156)(62,192,108,3,140,43,161)(116,11,119,51,169,70,200)(172,73,203,90,14,122,54)(61,191,107,2,139,42,160)(125,57,146,76,177,93,17)(99,23,131,34,152,82,183)(175,91,15,123,55,173,74)(30,148,78,179,95,19,127)(165,66,196,112,7,144,47)(77,178,94,18,126,58,147)(111,6,143,46,164,65,195)(134,37,155,85,186,102,26)(159,60,190,106,1,138,41)(81,182,98,22,130,33,151)(68,198,114,9,117,49,167)(72,202,89,13,121,53,171)(142,45,163,64,194,110,5)(44,162,63,193,109,4,141)(168,69,199,115,10,118,50)(59,189,105,29,137,40,158)(101,25,133,36,154,84,185)(136,39,157,87,188,104,28)(113,8,145,48,166,67,197)(83,184,100,24,132,35,153)(124,56,174,75,176,92,16)(88,12,120,52,170,71,201)(97,21,129,32,150,80,181),
	(149,30,132,28,113,181,73)(86,162,43,145,12,97,194)(156,37,139,6,91,188,80)(62,167,48,121,17,102,199)(116,184,76,152,33,135,2)(140,7,92,189,81,157,38)(172,53,126,22,107,175,67)(61,166,47,120,16,101,198)(125,21,106,203,66,171,52)(99,196,59,164,45,118,14)(165,46,119,15,100,197,60)(77,153,34,136,3,88,185)(82,158,39,141,8,93,190)(111,179,71,147,57,130,26)(134,1,115,183,75,151,32)(159,40,142,9,94,191,83)(200,63,168,49,122,18,103)(68,173,54,127,23,108,176)(128,24,109,177,69,174,55)(146,56,129,25,110,178,70)(72,148,58,131,27,112,180)(89,186,78,154,35,137,4)(44,117,13,98,195,87,163)(192,84,160,41,143,10,95)(5,90,187,79,155,36,138)(96,193,85,161,42,144,11)(124,20,105,202,65,170,51)(133,29,114,182,74,150,31)(50,123,19,104,201,64,169),
	(149,164,150,165,151,166,152,167,153,168,154,169,155,170,156,171,157,172,158,173,159,174,160,146,161,147,162,148,163)(86,83,80,77,74,71,68,65,62,59,85,82,79,76,73,70,67,64,61,87,84,81,78,75,72,69,66,63,60)(116,95,103,111,90,98,106,114,93,101,109,88,96,104,112,91,99,107,115,94,102,110,89,97,105,113,92,100,108)(140,138,136,134,132,130,128,126,124,122,120,118,145,143,141,139,137,135,133,131,129,127,125,123,121,119,117,144,142)(175,193,182,200,189,178,196,185,203,192,181,199,188,177,195,184,202,191,180,198,187,176,194,183,201,190,179,197,186)(30,42,54,37,49,32,44,56,39,51,34,46,58,41,53,36,48,31,43,55,38,50,33,45,57,40,52,35,47)(2,12,22,3,13,23,4,14,24,5,15,25,6,16,26,7,17,27,8,18,28,9,19,29,10,20,1,11,21),
	(149,19,87,142,198,42,112)(86,141,197,41,111,148,18)(156,26,65,120,176,49,90)(62,117,202,46,116,153,23)(140,196,40,110,147,17,85)(172,13,81,136,192,36,106)(61,145,201,45,115,152,22)(125,181,54,95,161,2,70)(99,165,6,74,129,185,58)(175,48,89,155,25,64,119)(30,100,166,7,75,130,186)(77,132,188,32,102,168,9)(82,137,193,37,107,173,14)(134,190,34,104,170,11,79)(159,29,68,123,179,52,93)(94,160,1,69,124,180,53)(200,44,114,151,21,60,144)(3,71,126,182,55,96,162)(73,128,184,57,98,164,5)(146,16,84,139,195,39,109)(72,127,183,56,97,163,4)(59,143,199,43,113,150,20)(101,167,8,76,131,187,31)(122,178,51,92,158,28,67)(83,138,194,38,108,174,15)(171,12,80,135,191,35,105)(91,157,27,66,121,177,50)(103,169,10,78,133,189,33)(118,203,47,88,154,24,63),
	(149,109,49,191,143,71,21)(86,7,164,95,35,177,129)(156,116,56,198,121,78,28)(62,12,169,100,40,182,134)(140,68,18,146,106,46,188)(172,103,43,185,137,65,15)(61,11,168,99,39,181,133)(125,82,3,160,91,31,202)(175,127,84,5,162,93,33)(30,201,124,81,2,159,90)(165,96,36,178,130,87,8)(77,27,155,115,55,197,120)(111,51,193,145,73,23,151)(119,76,26,154,114,54,196)(94,34,176,128,85,6,163)(200,123,80,1,158,89,58)(152,112,52,194,117,74,24)(72,22,150,110,50,192,144)(142,70,20,148,108,48,190)(44,186,138,66,16,173,104)(4,161,92,32,203,126,83)(59,9,166,97,37,179,131)(101,41,183,135,63,13,170)(122,79,29,157,88,57,199)(136,64,14,171,102,42,184)(113,53,195,118,75,25,153)(139,67,17,174,105,45,187)(98,38,180,132,60,10,167)(189,141,69,19,147,107,47),
	(149,129,93,63,38,22,202)(86,32,16,196,172,123,116)(156,136,100,70,45,29,180)(62,37,21,201,148,128,92)(140,104,74,49,4,184,160)(61,36,20,200,147,127,91)(125,89,59,34,18,198,174)(99,69,44,28,179,155,135)(175,151,131,95,65,40,24)(30,14,194,170,121,114,84)(2,182,158,138,102,72,47)(165,145,109,79,54,9,189)(77,52,7,187,163,143,107)(82,57,12,192,168,119,112)(111,81,56,11,191,167,118)(134,98,68,43,27,178,154)(159,139,103,73,48,3,183)(94,64,39,23,203,150,130)(152,132,96,66,41,25,176)(106,76,51,6,186,162,142)(146,126,90,60,35,19,199)(101,71,46,1,181,157,137)(122,115,85,31,15,195,171)(113,83,58,13,193,169,120)(5,185,161,141,105,75,50)(108,78,53,8,188,164,144)(124,88,87,33,17,197,173)(133,97,67,42,26,177,153)(10,190,166,117,110,80,55),
	(149,106,56,184,144,84,23)(86,25,151,108,58,186,117)(156,113,34,191,122,62,1)(116,37,194,125,65,4,159)(140,80,19,174,102,52,180)(172,100,50,178,138,78,17)(61,29,155,112,33,190,121)(99,49,177,137,77,16,171)(175,135,75,14,169,97,47)(30,187,118,87,26,152,109)(2,157,114,35,192,123,63)(165,93,43,200,131,71,10)(82,21,147,104,54,182,142)(111,32,189,120,60,28,154)(134,74,13,168,96,46,203)(81,20,146,103,53,181,141)(119,59,27,153,110,31,188)(94,44,201,132,72,11,166)(3,158,115,36,193,124,64)(68,7,162,90,40,197,128)(73,12,167,95,45,202,133)(89,39,196,127,67,6,161)(101,51,179,139,79,18,173)(136,76,15,170,98,48,176)(5,160,88,38,195,126,66)(145,85,24,150,107,57,185)(83,22,148,105,55,183,143)(130,70,9,164,92,42,199)(91,41,198,129,69,8,163),
	(149,21,71,143,191,49,109)(86,129,177,35,95,164,7)(156,28,78,121,198,56,116)(62,134,182,40,100,169,12)(140,188,46,106,146,18,68)(172,15,65,137,185,43,103)(61,133,181,39,99,168,11)(125,202,31,91,160,3,82)(175,33,93,162,5,84,127)(30,90,159,2,81,124,201)(165,8,87,130,178,36,96)(77,120,197,55,115,155,27)(111,151,23,73,145,193,51)(119,196,54,114,154,26,76)(94,163,6,85,128,176,34)(200,58,89,158,1,80,123)(152,24,74,117,194,52,112)(72,144,192,50,110,150,22)(142,190,48,108,148,20,70)(44,104,173,16,66,138,186)(4,83,126,203,32,92,161)(59,131,179,37,97,166,9)(101,170,13,63,135,183,41)(122,199,57,88,157,29,79)(136,184,42,102,171,14,64)(113,153,25,75,118,195,53)(139,187,45,105,174,17,67)(98,167,10,60,132,180,38)(189,47,107,147,19,69,141),
	(149,2,78,119,185,55,94)(86,127,193,34,102,157,10)(156,9,85,126,192,33,101)(62,132,198,39,107,162,15)(116,171,24,71,141,178,48)(140,177,47,115,170,23,70)(172,25,72,142,179,49,88)(61,131,197,38,106,161,14)(125,191,32,100,155,8,84)(99,154,7,83,124,190,31)(175,45,113,168,21,68,138)(30,98,153,6,82,123,189)(165,18,65,135,201,42,110)(77,118,184,54,93,148,1)(111,166,19,66,136,202,43)(134,200,41,109,164,17,64)(159,12,59,129,195,36,104)(81,122,188,58,97,152,5)(3,79,120,186,56,95,150)(73,143,180,50,89,173,26)(128,194,35,103,158,11,87)(146,28,75,145,182,52,91)(196,37,105,160,13,60,130)(44,112,167,20,67,137,203)(4,80,121,187,57,96,151)(108,163,16,63,133,199,40)(139,176,46,114,169,22,69)(174,27,74,144,181,51,90)(76,117,183,53,92,147,29),
	(149,60,188,116,26,131,52)(86,185,113,23,128,49,146)(156,67,195,94,4,138,30)(62,190,89,28,133,54,151)(140,32,158,69,197,96,6)(172,83,182,110,20,125,46)(61,189,88,27,132,53,150)(99,9,143,35,161,72,200)(175,103,13,118,39,165,76)(2,136,57,154,65,193,92)(77,176,104,14,119,40,166)(82,181,109,19,124,45,171)(111,21,126,47,173,84,183)(134,55,152,63,191,90,29)(159,70,198,97,7,141,33)(81,180,108,18,123,44,170)(3,137,58,155,66,194,93)(68,196,95,5,139,31,157)(73,201,100,10,144,36,162)(106,16,121,42,168,79,178)(142,34,160,71,199,98,8)(59,187,115,25,130,51,148)(101,11,145,37,163,74,202)(122,43,169,80,179,107,17)(192,91,1,135,56,153,64)(184,112,22,127,48,174,85)(50,147,87,186,114,24,129)(164,75,203,102,12,117,38)(78,177,105,15,120,41,167),
	(149,7,67,136,182,58,101)(86,126,201,48,91,168,26)(156,14,74,143,189,36,108)(62,131,177,53,96,173,2)(116,164,22,82,122,197,44)(140,186,33,105,153,11,71)(172,1,61,130,176,52,95)(125,200,47,90,167,25,85)(99,147,5,65,134,180,56)(175,51,94,171,29,60,129)(30,102,150,8,68,137,183)(165,23,83,123,198,45,88)(77,117,192,39,111,159,17)(81,121,196,43,115,163,21)(119,194,41,113,161,19,79)(3,63,132,178,54,97,174)(152,10,70,139,185,32,104)(73,142,188,35,107,155,13)(106,154,12,72,141,187,34)(128,203,50,93,170,28,59)(146,4,64,133,179,55,98)(89,166,24,84,124,199,46)(162,20,80,120,195,42,114)(145,191,38,110,158,16,76)(6,66,135,181,57,100,148)(103,151,9,69,138,184,31)(118,193,40,112,160,18,78)(87,127,202,49,92,169,27)(109,157,15,75,144,190,37),
	(149,180,20,31,79,96,128)(86,103,135,156,187,27,38)(62,108,140,161,192,3,43)(116,119,169,200,11,51,70)(172,203,14,54,73,90,122)(61,107,139,160,191,2,42)(125,146,177,17,57,76,93)(99,131,152,183,23,34,82)(175,15,55,74,91,123,173)(30,78,95,127,148,179,19)(165,196,7,47,66,112,144)(77,94,126,147,178,18,58)(111,143,164,195,6,46,65)(134,155,186,26,37,85,102)(159,190,1,41,60,106,138)(81,98,130,151,182,22,33)(68,114,117,167,198,9,49)(72,89,121,171,202,13,53)(142,163,194,5,45,64,110)(44,63,109,141,162,193,4)(168,199,10,50,69,115,118)(59,105,137,158,189,29,40)(101,133,154,185,25,36,84)(136,157,188,28,39,87,104)(113,145,166,197,8,48,67)(83,100,132,153,184,24,35)(124,174,176,16,56,75,92)(88,120,170,201,12,52,71)(97,129,150,181,21,32,80),
	(149,112,42,198,142,87,19)(86,18,148,111,41,197,141)(156,90,49,176,120,65,26)(62,23,153,116,46,202,117)(140,85,17,147,110,40,196)(172,106,36,192,136,81,13)(61,22,152,115,45,201,145)(125,70,2,161,95,54,181)(99,58,185,129,74,6,165)(175,119,64,25,155,89,48)(30,186,130,75,7,166,100)(77,9,168,102,32,188,132)(82,14,173,107,37,193,137)(134,79,11,170,104,34,190)(159,93,52,179,123,68,29)(94,53,180,124,69,1,160)(200,144,60,21,151,114,44)(3,162,96,55,182,126,71)(73,5,164,98,57,184,128)(146,109,39,195,139,84,16)(72,4,163,97,56,183,127)(59,20,150,113,43,199,143)(101,31,187,131,76,8,167)(122,67,28,158,92,51,178)(83,15,174,108,38,194,138)(171,105,35,191,135,80,12)(91,50,177,121,66,27,157)(103,33,189,133,78,10,169)(118,63,24,154,88,47,203),
	(149,91,33,178,120,62,4)(86,28,173,115,57,202,144)(156,98,40,185,127,69,11)(116,58,203,145,87,29,174)(140,82,24,169,111,53,198)(172,114,56,201,143,85,27)(61,3,148,90,32,177,119)(125,67,9,154,96,38,183)(99,41,186,128,70,12,157)(175,117,59,1,146,88,30)(2,147,89,31,176,118,60)(165,107,49,194,136,78,20)(77,19,164,106,48,193,135)(134,76,18,163,105,47,192)(159,101,43,188,130,72,14)(81,23,168,110,52,197,139)(94,36,181,123,65,7,152)(200,142,84,26,171,113,55)(68,10,155,97,39,184,126)(73,15,160,102,44,189,131)(196,138,80,22,167,109,51)(122,64,6,151,93,35,180)(162,104,46,191,133,75,17)(5,150,92,34,179,121,63)(83,25,170,112,54,199,141)(108,50,195,137,79,21,166)(124,66,8,153,95,37,182)(103,45,190,132,74,16,161)(158,100,42,187,129,71,13),
	(149,52,131,26,116,188,60)(86,146,49,128,23,113,185)(156,30,138,4,94,195,67)(62,151,54,133,28,89,190)(140,6,96,197,69,158,32)(172,46,125,20,110,182,83)(61,150,53,132,27,88,189)(99,200,72,161,35,143,9)(175,76,165,39,118,13,103)(2,92,193,65,154,57,136)(77,166,40,119,14,104,176)(82,171,45,124,19,109,181)(111,183,84,173,47,126,21)(134,29,90,191,63,152,55)(159,33,141,7,97,198,70)(81,170,44,123,18,108,180)(3,93,194,66,155,58,137)(68,157,31,139,5,95,196)(73,162,36,144,10,100,201)(106,178,79,168,42,121,16)(142,8,98,199,71,160,34)(59,148,51,130,25,115,187)(101,202,74,163,37,145,11)(122,17,107,179,80,169,43)(192,64,153,56,135,1,91)(184,85,174,48,127,22,112)(50,129,24,114,186,87,147)(164,38,117,12,102,203,75)(78,167,41,120,15,105,177),
	(149,110,37,203,133,86,1)(156,88,44,181,140,64,8)(62,6,154,115,42,179,138)(116,43,180,139,63,7,155)(172,104,31,197,127,80,24)(61,5,153,114,41,178,137)(125,78,22,170,102,58,195)(99,55,192,122,75,19,167)(175,134,87,2,150,111,38)(30,196,126,79,23,171,103)(165,97,53,190,120,73,17)(77,21,169,101,57,194,124)(82,26,174,106,33,199,129)(159,91,47,184,143,67,11)(81,25,173,105,32,198,128)(119,72,16,164,96,52,189)(94,50,187,117,70,14,162)(200,130,83,27,146,107,34)(3,151,112,39,176,135,59)(152,113,40,177,136,60,4)(68,12,160,92,48,185,144)(142,66,10,158,90,46,183)(89,45,182,141,65,9,157)(168,100,56,193,123,76,20)(84,28,147,108,35,201,131)(145,69,13,161,93,49,186)(188,118,71,15,163,95,51)(36,202,132,85,29,148,109)(98,54,191,121,74,18,166),
	(149,194,16,46,82,102,126)(86,106,130,153,198,20,50)(156,201,23,53,60,109,133)(62,111,135,158,203,25,55)(116,140,163,179,1,31,67)(172,188,10,40,76,96,120)(61,110,134,157,202,24,54)(125,148,193,15,45,81,101)(99,123,146,191,13,43,79)(175,26,56,63,112,136,159)(30,66,115,139,162,178,29)(2,32,68,88,141,164,180)(165,181,3,33,69,89,142)(77,97,121,173,189,11,41)(119,171,187,9,39,75,95)(94,118,170,186,8,38,74)(200,22,52,59,108,132,155)(152,197,19,49,85,105,129)(73,93,117,169,185,7,37)(128,151,196,18,48,84,104)(72,92,145,168,184,6,36)(44,80,100,124,147,192,14)(4,34,70,90,143,166,182)(122,174,190,12,42,78,98)(113,137,160,176,27,57,64)(5,35,71,91,144,167,183)(83,103,127,150,195,17,47)(65,114,138,161,177,28,58)(87,107,131,154,199,21,51),
	(149,183,15,57,61,89,140)(86,114,136,174,179,11,53)(156,190,22,35,68,96,118)(62,90,141,150,184,16,58)(116,138,147,181,13,55,59)(172,177,9,51,84,112,134)(125,163,197,29,42,75,103)(99,121,159,193,25,38,71)(175,7,49,82,110,132,170)(30,63,91,142,151,185,17)(2,44,77,105,127,165,199)(111,133,171,176,8,50,83)(81,109,131,169,203,6,48)(119,157,191,23,36,69,97)(94,145,154,188,20,33,66)(200,3,45,78,106,128,166)(152,186,18,31,64,92,143)(73,101,123,161,195,27,40)(146,180,12,54,87,115,137)(72,100,122,160,194,26,39)(196,28,41,74,102,124,162)(4,46,79,107,129,167,201)(168,202,5,47,80,108,130)(113,135,173,178,10,52,85)(192,24,37,70,98,120,158)(155,189,21,34,67,95,117)(139,148,182,14,56,60,88)(65,93,144,153,187,19,32)(43,76,104,126,164,198,1),
	(149,38,129,22,93,202,63)(86,172,32,123,16,116,196)(156,45,136,29,100,180,70)(62,148,37,128,21,92,201)(140,4,104,184,74,160,49)(61,147,36,127,20,91,200)(125,18,89,198,59,174,34)(99,179,69,155,44,135,28)(175,65,151,40,131,24,95)(30,121,14,114,194,84,170)(2,102,182,72,158,47,138)(165,54,145,9,109,189,79)(77,163,52,143,7,107,187)(82,168,57,119,12,112,192)(111,191,81,167,56,118,11)(134,27,98,178,68,154,43)(159,48,139,3,103,183,73)(94,203,64,150,39,130,23)(152,41,132,25,96,176,66)(106,186,76,162,51,142,6)(146,35,126,19,90,199,60)(101,181,71,157,46,137,1)(122,15,115,195,85,171,31)(113,193,83,169,58,120,13)(5,105,185,75,161,50,141)(108,188,78,164,53,144,8)(124,17,88,197,87,173,33)(133,26,97,177,67,153,42)(10,110,190,80,166,55,117),
	(149,117,100,81,41,27,199)(86,46,3,175,154,122,105)(156,124,107,59,48,5,177)(62,51,8,180,159,127,110)(116,68,57,14,186,165,133)(140,94,75,35,21,193,172)(61,50,7,179,158,126,109)(125,108,60,49,6,178,157)(99,80,40,26,198,148,145)(30,16,188,167,135,89,70)(2,203,153,121,104,85,45)(77,37,23,195,174,142,96)(82,42,28,200,150,118,101)(111,63,52,9,181,160,128)(134,88,69,58,15,187,166)(119,102,83,43,29,201,151)(152,120,103,84,44,1,202)(73,33,19,191,170,138,92)(106,87,47,4,176,155,123)(146,143,97,78,38,24,196)(72,32,18,190,169,137,91)(168,136,90,71,31,17,189)(162,130,113,65,54,11,183)(192,171,139,93,74,34,20)(184,163,131,114,66,55,12)(36,22,194,173,141,95,76)(115,67,56,13,185,164,132)(98,79,39,25,197,147,144)(161,129,112,64,53,10,182),
	(149,190,13,50,77,92,139)(86,101,119,158,199,22,30)(156,197,20,57,84,99,117)(62,106,124,163,175,27,35)(116,134,173,185,8,45,72)(140,150,191,14,51,78,93)(172,184,7,44,71,115,133)(61,105,123,162,203,26,34)(125,164,176,28,36,63,107)(2,39,66,110,128,167,179)(165,177,29,37,64,108,126)(82,97,144,154,195,18,55)(111,129,168,180,3,40,67)(159,200,23,31,87,102,120)(81,96,143,153,194,17,54)(94,141,151,192,15,52,79)(152,193,16,53,80,95,142)(68,112,130,169,181,4,41)(73,88,135,174,186,9,46)(146,187,10,47,74,89,136)(196,19,56,83,98,145,155)(59,103,121,160,201,24,32)(122,161,202,25,33,60,104)(113,131,170,182,5,42,69)(188,11,48,75,90,137,147)(6,43,70,114,132,171,183)(91,138,148,189,12,49,76)(65,109,127,166,178,1,38)(118,157,198,21,58,85,100),
	(149,165,152,168,155,171,158,174,161,148,164,151,167,154,170,157,173,160,147,163,150,166,153,169,156,172,159,146,162)(86,77,68,59,79,70,61,81,72,63,83,74,65,85,76,67,87,78,69,60,80,71,62,82,73,64,84,75,66)(116,111,106,101,96,91,115,110,105,100,95,90,114,109,104,99,94,89,113,108,103,98,93,88,112,107,102,97,92)(140,134,128,122,145,139,133,127,121,144,138,132,126,120,143,137,131,125,119,142,136,130,124,118,141,135,129,123,117)(175,200,196,192,188,184,180,176,201,197,193,189,185,181,177,202,198,194,190,186,182,178,203,199,195,191,187,183,179)(30,37,44,51,58,36,43,50,57,35,42,49,56,34,41,48,55,33,40,47,54,32,39,46,53,31,38,45,52)(2,3,4,5,6,7,8,9,10,11,12,13,14,15,16,17,18,19,20,21,22,23,24,25,26,27,28,29,1),
	(149,144,106,84,56,23,184)(86,58,25,186,151,117,108)(156,122,113,62,34,1,191)(116,65,37,4,194,159,125)(140,102,80,52,19,180,174)(172,138,100,78,50,17,178)(61,33,29,190,155,121,112)(99,77,49,16,177,171,137)(175,169,135,97,75,47,14)(30,26,187,152,118,109,87)(2,192,157,123,114,63,35)(165,131,93,71,43,10,200)(82,54,21,182,147,142,104)(111,60,32,28,189,154,120)(134,96,74,46,13,203,168)(81,53,20,181,146,141,103)(119,110,59,31,27,188,153)(94,72,44,11,201,166,132)(3,193,158,124,115,64,36)(68,40,7,197,162,128,90)(73,45,12,202,167,133,95)(89,67,39,6,196,161,127)(101,79,51,18,179,173,139)(136,98,76,48,15,176,170)(5,195,160,126,88,66,38)(145,107,85,57,24,185,150)(83,55,22,183,148,143,105)(130,92,70,42,9,199,164)(91,69,41,8,198,163,129),
	(149,10,72,123,186,54,111)(86,137,200,39,96,163,24)(156,17,79,130,193,32,89)(62,142,176,44,101,168,29)(116,154,15,77,128,191,30)(140,203,42,99,166,27,60)(172,4,66,117,180,48,105)(61,141,175,43,100,167,28)(125,188,56,113,151,12,74)(2,64,144,178,46,103,170)(165,26,59,139,202,41,98)(82,133,196,35,92,159,20)(134,197,36,93,160,21,83)(81,132,195,34,91,158,19)(119,182,50,107,174,6,68)(94,161,22,84,135,198,37)(3,65,145,179,47,104,171)(152,13,75,126,189,57,114)(73,124,187,55,112,150,11)(106,173,5,67,118,181,49)(146,7,69,120,183,51,108)(122,185,53,110,148,9,71)(162,23,85,136,199,38,95)(192,31,88,155,16,78,129)(184,52,109,147,8,70,121)(115,153,14,76,127,190,58)(201,40,97,164,25,87,138)(90,157,18,80,131,194,33)(102,169,1,63,143,177,45),
	(149,187,18,53,66,99,127)(86,90,118,169,178,9,44)(156,194,25,31,73,106,134)(62,95,123,174,183,14,49)(116,144,166,175,6,41,83)(140,162,200,2,37,79,112)(172,181,12,47,60,93,121)(61,94,122,173,182,13,48)(125,147,185,16,51,64,97)(30,72,105,133,155,193,24)(165,203,5,40,82,115,143)(77,110,138,160,198,29,35)(111,139,161,199,1,36,78)(159,197,28,34,76,109,137)(81,114,142,164,202,4,39)(119,170,179,10,45,87,91)(3,38,80,113,141,163,201)(152,190,21,56,69,102,130)(68,101,129,151,189,20,55)(128,150,188,19,54,67,100)(146,184,15,50,63,96,124)(89,117,168,177,8,43,85)(196,27,33,75,108,136,158)(59,92,120,171,180,11,46)(192,23,58,71,104,132,154)(84,88,145,167,176,7,42)(103,131,153,191,22,57,70)(65,98,126,148,186,17,52)(32,74,107,135,157,195,26),
	(149,162,146,159,172,156,169,153,166,150,163,147,160,173,157,170,154,167,151,164,148,161,174,158,171,155,168,152,165)(86,66,75,84,64,73,82,62,71,80,60,69,78,87,67,76,85,65,74,83,63,72,81,61,70,79,59,68,77)(116,92,97,102,107,112,88,93,98,103,108,113,89,94,99,104,109,114,90,95,100,105,110,115,91,96,101,106,111)(140,117,123,129,135,141,118,124,130,136,142,119,125,131,137,143,120,126,132,138,144,121,127,133,139,145,122,128,134)(175,179,183,187,191,195,199,203,178,182,186,190,194,198,202,177,181,185,189,193,197,201,176,180,184,188,192,196,200)(30,52,45,38,31,53,46,39,32,54,47,40,33,55,48,41,34,56,49,42,35,57,50,43,36,58,51,44,37)(2,1,29,28,27,26,25,24,23,22,21,20,19,18,17,16,15,14,13,12,11,10,9,8,7,6,5,4,3),
	(149,83,189,104,5,135,51)(86,192,107,8,138,54,152)(156,61,196,111,12,142,58)(62,197,112,13,143,30,157)(116,17,118,34,161,66,201)(140,56,154,59,194,109,10)(172,77,183,98,28,129,45)(125,41,168,73,179,94,24)(99,29,130,46,173,78,184)(175,90,20,121,37,164,69)(2,132,48,146,80,186,101)(165,70,176,91,21,122,38)(82,188,103,4,134,50,148)(159,64,199,114,15,145,32)(81,187,102,3,133,49,147)(119,35,162,67,202,88,18)(200,115,16,117,33,160,65)(68,203,89,19,120,36,163)(106,7,137,53,151,85,191)(128,44,171,76,182,97,27)(72,178,93,23,124,40,167)(136,52,150,84,190,105,6)(113,14,144,31,158,63,198)(155,60,195,110,11,141,57)(96,26,127,43,170,75,181)(108,9,139,55,153,87,193)(180,95,25,126,42,169,74)(174,79,185,100,1,131,47)(92,22,123,39,166,71,177),
	(149,141,115,74,35,17,176)(86,47,29,188,161,124,98)(156,119,93,81,42,24,183)(62,52,5,193,166,129,103)(116,75,36,18,177,150,142)(140,114,73,34,16,175,148)(172,135,109,68,58,11,199)(61,51,4,192,165,128,102)(125,99,87,48,1,189,162)(30,12,200,173,136,110,69)(2,190,163,126,100,59,49)(77,38,20,179,152,144,89)(82,43,25,184,157,120,94)(111,70,31,13,201,174,137)(134,108,67,57,10,198,171)(159,122,96,84,45,27,186)(3,191,164,127,101,60,50)(106,65,55,8,196,169,132)(146,138,112,71,32,14,202)(72,33,15,203,147,139,113)(44,26,185,158,121,95,83)(168,131,105,64,54,7,195)(155,118,92,80,41,23,182)(145,90,78,39,21,180,153)(130,104,63,53,6,194,167)(91,79,40,22,181,154,117)(66,56,9,197,170,133,107)(76,37,19,178,151,143,88)(97,85,46,28,187,160,123),
	(149,32,124,12,108,179,85)(86,150,33,125,13,109,180)(156,39,131,19,115,186,63)(62,155,38,130,18,114,185)(116,187,64,157,40,132,20)(140,28,95,195,72,165,48)(172,55,118,6,102,202,79)(61,154,37,129,17,113,184)(99,199,76,169,52,144,3)(175,81,174,57,120,8,104)(30,122,10,106,177,83,147)(2,98,198,75,168,51,143)(77,170,53,145,4,100,200)(82,146,58,121,9,105,176)(111,182,59,152,35,127,15)(134,22,89,189,66,159,42)(119,7,103,203,80,173,56)(94,194,71,164,47,139,27)(68,161,44,136,24,91,191)(73,166,49,141,29,96,196)(128,16,112,183,60,153,36)(142,1,97,197,74,167,50)(101,201,78,171,54,117,5)(162,45,137,25,92,192,69)(84,148,31,123,11,107,178)(188,65,158,41,133,21,88)(43,135,23,90,190,67,160)(87,151,34,126,14,110,181)(193,70,163,46,138,26,93),
	(149,25,68,145,177,34,103)(86,134,195,52,92,167,14)(156,3,75,123,184,41,110)(62,139,200,57,97,172,19)(116,162,9,81,129,190,47)(140,201,58,98,173,20,63)(61,138,199,56,96,171,18)(125,186,43,112,158,5,77)(99,174,21,64,141,202,30)(175,32,101,147,23,66,143)(2,74,122,183,40,109,155)(165,12,84,132,193,50,90)(82,130,191,48,88,163,10)(111,157,4,76,124,185,42)(159,6,78,126,187,44,113)(119,180,37,106,152,28,71)(94,169,16,59,136,197,54)(73,121,182,39,108,154,1)(128,189,46,115,161,8,80)(146,22,65,142,203,31,100)(72,120,181,38,107,153,29)(89,164,11,83,131,192,49)(196,53,93,168,15,87,135)(188,45,114,160,7,79,127)(91,166,13,85,133,194,51)(36,105,151,27,70,118,179)(176,33,102,148,24,67,144)(35,104,150,26,69,117,178)(95,170,17,60,137,198,55),
	(149,127,99,66,53,18,187)(86,44,9,178,169,118,90)(156,134,106,73,31,25,194)(62,49,14,183,174,123,95)(116,83,41,6,175,166,144)(140,112,79,37,2,200,162)(172,121,93,60,47,12,181)(61,48,13,182,173,122,94)(125,97,64,51,16,185,147)(30,24,193,155,133,105,72)(165,143,115,82,40,5,203)(77,35,29,198,160,138,110)(111,78,36,1,199,161,139)(159,137,109,76,34,28,197)(81,39,4,202,164,142,114)(119,91,87,45,10,179,170)(3,201,163,141,113,80,38)(152,130,102,69,56,21,190)(68,55,20,189,151,129,101)(128,100,67,54,19,188,150)(146,124,96,63,50,15,184)(89,85,43,8,177,168,117)(196,158,136,108,75,33,27)(59,46,11,180,171,120,92)(192,154,132,104,71,58,23)(84,42,7,176,167,145,88)(103,70,57,22,191,153,131)(65,52,17,186,148,126,98)(32,26,195,157,135,107,74),
	(149,185,2,55,78,94,119)(86,102,127,157,193,10,34)(156,192,9,33,85,101,126)(62,107,132,162,198,15,39)(116,141,171,178,24,48,71)(140,170,177,23,47,70,115)(172,179,25,49,72,88,142)(61,106,131,161,197,14,38)(125,155,191,8,32,84,100)(99,124,154,190,7,31,83)(175,21,45,68,113,138,168)(30,82,98,123,153,189,6)(165,201,18,42,65,110,135)(77,93,118,148,184,1,54)(111,136,166,202,19,43,66)(134,164,200,17,41,64,109)(159,195,12,36,59,104,129)(81,97,122,152,188,5,58)(3,56,79,95,120,150,186)(73,89,143,173,180,26,50)(128,158,194,11,35,87,103)(146,182,28,52,75,91,145)(196,13,37,60,105,130,160)(44,67,112,137,167,203,20)(4,57,80,96,121,151,187)(108,133,163,199,16,40,63)(139,169,176,22,46,69,114)(174,181,27,51,74,90,144)(76,92,117,147,183,29,53),
	(149,126,102,82,46,16,194)(86,50,20,198,153,130,106)(156,133,109,60,53,23,201)(62,55,25,203,158,135,111)(116,67,31,1,179,163,140)(172,120,96,76,40,10,188)(61,54,24,202,157,134,110)(125,101,81,45,15,193,148)(99,79,43,13,191,146,123)(175,159,136,112,63,56,26)(30,29,178,162,139,115,66)(2,180,164,141,88,68,32)(165,142,89,69,33,3,181)(77,41,11,189,173,121,97)(119,95,75,39,9,187,171)(94,74,38,8,186,170,118)(200,155,132,108,59,52,22)(152,129,105,85,49,19,197)(73,37,7,185,169,117,93)(128,104,84,48,18,196,151)(72,36,6,184,168,145,92)(44,14,192,147,124,100,80)(4,182,166,143,90,70,34)(122,98,78,42,12,190,174)(113,64,57,27,176,160,137)(5,183,167,144,91,71,35)(83,47,17,195,150,127,103)(65,58,28,177,161,138,114)(87,51,21,199,154,131,107),
